1 0.26871944444444446 0.07858888888888889 0.013629166666666692 0.02109259259259259
0 0.27598055555555556 0.13549074074074074 0.008311111111111158 0.010559259259259268
0 0.21429861111111112 0.1421611111111111 0.010104166666666692 0.009509259259259273
0 0.3370680555555555 0.14470185185185183 0.010248611111111083 0.009931481481481486
0 0.2114777777777778 0.35172962962962956 0.010652777777777789 0.010229629629629589
0 0.33250277777777776 0.3559203703703704 0.008602777777777737 0.010209259259259232
0 0.2766263888888889 0.3711222222222222 0.008344444444444488 0.01094074074074077
0 0.3318861111111111 0.5553870370370371 0.0070722222222222575 0.009822222222222177
0 0.2105763888888889 0.5891944444444445 0.009440277777777784 0.01040925925925921
0 0.27142222222222223 0.6192481481481481 0.008637499999999965 0.011718518518518461
0 0.36844166666666667 0.6758407407407407 0.00827638888888893 0.01019444444444447
0 0.24915138888888894 0.6812277777777779 0.00864027777777776 0.009938888888889016
0 0.49450416666666663 0.6121 0.007138888888888917 0.010405555555555482
0 0.4997402777777778 0.7193074074074075 0.008383333333333298 0.01016296296296293
0 0.4283444444444444 0.8072481481481483 0.010676388888888888 0.010412962962962938
0 0.3526194444444445 0.7216685185185185 0.00940277777777776 0.01021666666666654
0 0.2674944444444444 0.8072055555555555 0.009373611111111124 0.011175925925925867
1 0.4978874999999999 0.6458259259259259 0.015781944444444473 0.018600000000000023
1 0.4988694444444445 0.6810037037037038 0.01734722222222218 0.018861111111111068
1 0.5195555555555555 0.7221203703703704 0.01417361111111104 0.02136851851851862
0 0.5242111111111112 0.6830907407407407 0.009037500000000032 0.01126296296296303
1 0.31453194444444443 0.7653055555555555 0.014262499999999956 0.02319444444444437
1 0.3293597222222222 0.8500314814814814 0.015423611111111124 0.02195740740740752
1 0.25498194444444444 0.8199888888888888 0.01394861111111112 0.021268518518518558
1 0.20510277777777777 0.793612962962963 0.016120833333333306 0.018811111111111185
1 0.202875 0.8735462962962962 0.017686111111111125 0.02029444444444432
0 0.2532986111111111 0.8695092592592593 0.008977777777777751 0.01168703703703707
0 0.22557083333333333 0.7573407407407408 0.007294444444444437 0.00833703703703718
2 0.1975111111111111 0.9637222222222223 0.059938888888888875 0.013559259259259271