2 0.0942611111111111 0.9784648148148148 0.07454166666666667 0.016396296296296242
2 0.28627083333333336 0.9721259259259258 0.07438333333333336 0.018375925925925962
2 0.2980625 0.866962962962963 0.08350277777777781 0.016338888888888903
2 0.47677777777777774 0.9786166666666666 0.09031250000000002 0.015925925925926048
2 0.6967041666666667 0.9423777777777778 0.09275833333333328 0.015966666666666757
2 0.8437291666666668 0.9422888888888888 0.08189722222222229 0.016559259259259385
2 0.85905 0.7826055555555556 0.09691805555555555 0.02505555555555568
2 0.6884805555555557 0.7826962962962963 0.11391944444444446 0.024462962962963058
2 0.29810000000000003 0.7387629629629631 0.08299861111111118 0.017598148148148123
2 0.1975375 0.6259 0.07396249999999999 0.015590740740740738
2 0.4349583333333333 0.6263240740740741 0.07321250000000001 0.017211111111111066
2 0.6033236111111111 0.6261444444444444 0.07610000000000006 0.018394444444444453
2 0.7800555555555555 0.6265555555555556 0.09109305555555558 0.019216666666666733