2 0.49375 0.274609375 0.0703125 0.0125
2 0.61015625 0.277734375 0.06640625 0.0125
2 0.7359375 0.282421875 0.0671875 0.01171875
2 0.86015625 0.28359375 0.0671875 0.0125
2 0.856640625 0.43046875 0.06328125 0.0125
2 0.734765625 0.426953125 0.0671875 0.0125
2 0.605078125 0.422265625 0.0671875 0.01171875
2 0.480078125 0.4171875 0.0671875 0.0125
2 0.35078125 0.412890625 0.0609375 0.0140625
2 0.10859375 0.206640625 0.04765625 0.0171875
2 0.230078125 0.212890625 0.07734375 0.0140625
2 0.22109375 0.319921875 0.0703125 0.01328125
2 0.09765625 0.3109375 0.10546875 0.01875
2 0.094921875 0.41875 0.0984375 0.01875
2 0.220703125 0.419921875 0.053125 0.01640625
2 0.091796875 0.52890625 0.0625 0.0109375
2 0.219140625 0.526953125 0.0953125 0.02109375
2 0.4625 0.566015625 0.065625 0.01328125
2 0.60390625 0.570703125 0.06484375 0.01328125
2 0.73125 0.575390625 0.06484375 0.01171875
2 0.853125 0.5765625 0.065625 0.0125
2 0.84765625 0.725390625 0.06640625 0.0125
2 0.725390625 0.72109375 0.0640625 0.01171875
2 0.599609375 0.716796875 0.0640625 0.0125
2 0.464453125 0.712109375 0.06484375 0.0125
2 0.20625 0.625 0.065625 0.01796875
2 0.07734375 0.63046875 0.075 0.0171875
2 0.07734375 0.721484375 0.0734375 0.01875
2 0.19140625 0.741796875 0.07265625 0.0125
2 0.204296875 0.840625 0.0765625 0.01875
2 0.0765625 0.826953125 0.06484375 0.0171875
2 0.5046875 0.859765625 0.0859375 0.0140625
2 0.644921875 0.849609375 0.07578125 0.01328125
2 0.732421875 0.851171875 0.0359375 0.0125
2 0.850390625 0.8703125 0.0625 0.0125