2 0.0875 0.64375 0.0828125 0.01640625
2 0.08984375 0.75703125 0.0875 0.01015625
2 0.0953125 0.85 0.065625 0.015625
2 0.215625 0.84765625 0.071875 0.0171875
2 0.3453125 0.84140625 0.10859375 0.021875
2 0.21171875 0.74609375 0.075 0.01640625
2 0.33671875 0.73515625 0.08984375 0.0234375
2 0.48203125 0.85078125 0.07109375 0.01484375
2 0.47578125 0.74140625 0.06953125 0.0171875
2 0.47734375 0.63359375 0.1140625 0.0171875
2 0.3453125 0.628125 0.11328125 0.01953125
2 0.221875 0.61875 0.09140625 0.01796875
2 0.21875 0.54375 0.09140625 0.01796875
2 0.346875 0.540625 0.06328125 0.0171875
2 0.47890625 0.5296875 0.109375 0.01875
2 0.59921875 0.51640625 0.09140625 0.0125
2 0.60078125 0.43359375 0.08203125 0.0109375
2 0.478125 0.43046875 0.1125 0.0171875
2 0.34375 0.43359375 0.08359375 0.01953125
2 0.21875 0.434375 0.08125 0.01640625
2 0.225 0.32890625 0.09296875 0.015625
2 0.353125 0.3328125 0.090625 0.015625
2 0.47578125 0.32734375 0.1140625 0.015625
2 0.47421875 0.22265625 0.125 0.0171875
2 0.3359375 0.2203125 0.07890625 0.01796875
2 0.22109375 0.21953125 0.103125 0.01796875
2 0.60703125 0.2265625 0.0734375 0.01640625
2 0.72265625 0.2046875 0.07890625 0.0109375