2 0.4859375 0.275 0.0703125 0.01015625
2 0.60234375 0.27421875 0.06640625 0.01015625
2 0.728125 0.27421875 0.0671875 0.009375
2 0.85234375 0.27109375 0.0671875 0.01015625
2 0.85390625 0.41796875 0.06328125 0.01015625
2 0.73203125 0.41875 0.0671875 0.01015625
2 0.60234375 0.41875 0.0671875 0.009375
2 0.47734375 0.41796875 0.0671875 0.01015625
2 0.34765625 0.41796875 0.0609375 0.01171875
2 0.0984375 0.2203125 0.046875 0.015625
2 0.2203125 0.22265625 0.07734375 0.01171875
2 0.21484375 0.3296875 0.0703125 0.0109375
2 0.09140625 0.325 0.1046875 0.01484375
2 0.0921875 0.4328125 0.09765625 0.015625
2 0.21796875 0.4296875 0.05234375 0.01484375
2 0.09296875 0.54296875 0.0625 0.00859375
2 0.2203125 0.53671875 0.09453125 0.01796875
2 0.46484375 0.5671875 0.065625 0.0109375
2 0.60625 0.5671875 0.06484375 0.0109375
2 0.73359375 0.5671875 0.06484375 0.009375
2 0.85546875 0.5640625 0.065625 0.01015625
2 0.85546875 0.71328125 0.06640625 0.01015625
2 0.7328125 0.71328125 0.0640625 0.009375
2 0.60703125 0.71328125 0.0640625 0.01015625
2 0.471875 0.71328125 0.06484375 0.01015625
2 0.2109375 0.63515625 0.06484375 0.015625
2 0.08203125 0.6453125 0.07421875 0.01484375
2 0.08515625 0.7359375 0.07265625 0.01640625
2 0.2 0.75234375 0.07265625 0.01015625
2 0.21640625 0.85078125 0.07578125 0.01640625
2 0.08828125 0.84140625 0.0640625 0.01484375
2 0.5171875 0.859375 0.0859375 0.0109375
2 0.65703125 0.84453125 0.07578125 0.0109375
2 0.74453125 0.84296875 0.0359375 0.0109375
2 0.86328125 0.8578125 0.0625 0.01015625