2 0.123046875 0.289453125 0.05859375 0.01484375
2 0.2796875 0.296875 0.05859375 0.01328125
2 0.39296875 0.302734375 0.0640625 0.01328125
2 0.53984375 0.310546875 0.078125 0.01484375
2 0.703515625 0.319140625 0.03671875 0.01171875
2 0.71796875 0.487109375 0.0359375 0.0125
2 0.498046875 0.47578125 0.08828125 0.01640625
2 0.22421875 0.475390625 0.078125 0.0140625
2 0.11171875 0.800390625 0.06328125 0.0140625
2 0.2421875 0.805859375 0.06328125 0.01328125
2 0.403515625 0.81640625 0.0375 0.01171875
2 0.533203125 0.8234375 0.0359375 0.0125
2 0.66328125 0.830078125 0.0375 0.0125
2 0.830859375 0.84609375 0.0375 0.01171875