2 0.09453125 0.85859375 0.07421875 0.0125
2 0.2859375 0.85390625 0.07421875 0.0140625
2 0.2984375 0.775 0.08359375 0.0125
2 0.4765625 0.85859375 0.090625 0.01171875
2 0.696875 0.83203125 0.09296875 0.01171875
2 0.84375 0.83203125 0.08203125 0.0125
2 0.859375 0.71171875 0.096875 0.01875
2 0.68828125 0.71171875 0.1140625 0.01796875
2 0.2984375 0.67890625 0.0828125 0.01328125
2 0.19765625 0.59453125 0.07421875 0.01171875
2 0.43515625 0.59453125 0.0734375 0.01328125
2 0.603125 0.59453125 0.07578125 0.0140625
2 0.7796875 0.59453125 0.09140625 0.0140625