2 0.209375 0.8546875 0.084375 0.01640625
1 0.2046875 0.7203125 0.01640625 0.01484375
1 0.25546875 0.73984375 0.01484375 0.01640625
1 0.3140625 0.6984375 0.015625 0.01640625
1 0.32890625 0.7625 0.01484375 0.01640625
1 0.3875 0.7609375 0.015625 0.01484375
1 0.4515625 0.7546875 0.0171875 0.01640625
1 0.4796875 0.696875 0.0140625 0.01640625
1 0.54375 0.65625 0.0171875 0.01484375
1 0.69453125 0.659375 0.01484375 0.01640625
1 0.796875 0.62890625 0.0171875 0.01484375
1 0.796875 0.54140625 0.0171875 0.0140625
1 0.57734375 0.5890625 0.0171875 0.01484375
1 0.49765625 0.609375 0.015625 0.01484375
1 0.52421875 0.55859375 0.01640625 0.01484375
1 0.4375 0.59296875 0.01328125 0.01640625
1 0.4578125 0.54921875 0.0171875 0.0140625
1 0.20390625 0.64296875 0.0140625 0.0171875
1 0.18203125 0.56953125 0.01640625 0.01484375
1 0.36796875 0.5109375 0.01640625 0.01484375
1 0.60546875 0.49921875 0.01484375 0.01640625
1 0.36640625 0.2375 0.01640625 0.01484375
1 0.17890625 0.2375 0.0171875 0.01484375
1 0.31875 0.15859375 0.01484375 0.0171875
1 0.1984375 0.159375 0.015625 0.01640625
1 0.26875 0.18359375 0.015625 0.01640625
1 0.37109375 0.1953125 0.01484375 0.0171875
0 0.2921875 0.19375 0.0078125 0.00859375
0 0.33359375 0.18046875 0.00859375 0.0078125
0 0.328125 0.196875 0.00859375 0.00859375
0 0.3484375 0.19453125 0.00859375 0.00859375
0 0.33671875 0.2390625 0.009375 0.009375
0 0.2765625 0.23203125 0.00859375 0.00859375
0 0.2171875 0.22265625 0.00859375 0.009375
0 0.21171875 0.39453125 0.01015625 0.009375
0 0.334375 0.39296875 0.0109375 0.01015625
0 0.27578125 0.4046875 0.0109375 0.01015625
0 0.21640625 0.57421875 0.01015625 0.009375
0 0.27578125 0.575 0.009375 0.0109375
0 0.3359375 0.5421875 0.01171875 0.009375
0 0.31875 0.61328125 0.00859375 0.009375
0 0.25078125 0.6328125 0.01015625 0.00859375
0 0.35625 0.6640625 0.009375 0.009375
0 0.48984375 0.56953125 0.0078125 0.0078125
0 0.4859375 0.58828125 0.00859375 0.0078125
0 0.75 0.5484375 0.00625 0.00703125
0 0.63828125 0.64453125 0.00703125 0.00703125
0 0.5046875 0.66484375 0.00859375 0.00859375
0 0.4984375 0.63359375 0.0078125 0.00859375
0 0.53984375 0.5484375 0.00625 0.0078125
0 0.4484375 0.734375 0.009375 0.0078125
0 0.41875 0.72109375 0.00859375 0.009375
0 0.41015625 0.74296875 0.00859375 0.00703125
0 0.409375 0.75625 0.009375 0.0078125