1 0.27421875 0.1796875 0.01328125 0.015625
0 0.28046875 0.22265625 0.00859375 0.0078125
0 0.21875 0.226171875 0.01015625 0.00703125
0 0.34140625 0.230859375 0.01015625 0.0078125
0 0.213671875 0.383984375 0.0109375 0.0078125
0 0.334765625 0.389453125 0.00859375 0.0078125
0 0.278125 0.39921875 0.00859375 0.00859375
0 0.33125 0.53828125 0.00703125 0.00703125
0 0.209765625 0.562109375 0.009375 0.0078125
0 0.26953125 0.58515625 0.00859375 0.00859375
0 0.36640625 0.6296875 0.00859375 0.0078125
0 0.246875 0.631640625 0.00859375 0.0078125
0 0.49296875 0.584375 0.00703125 0.0078125
0 0.497265625 0.66484375 0.00859375 0.0078125
0 0.42421875 0.729296875 0.0109375 0.0078125
0 0.349609375 0.663671875 0.009375 0.0078125
0 0.26328125 0.7265625 0.009375 0.00859375
1 0.495703125 0.609375 0.015625 0.0140625
1 0.496875 0.6359375 0.0171875 0.0140625
1 0.516796875 0.666796875 0.0140625 0.01640625
0 0.521875 0.637890625 0.009375 0.00859375
1 0.311328125 0.69609375 0.0140625 0.0171875
1 0.325 0.759375 0.015625 0.01640625
1 0.250390625 0.735546875 0.0140625 0.015625
1 0.2015625 0.715234375 0.01640625 0.0140625
1 0.1984375 0.775390625 0.01796875 0.01484375
0 0.2484375 0.773046875 0.00859375 0.00859375
0 0.222265625 0.68828125 0.00703125 0.00625
2 0.191796875 0.8421875 0.06015625 0.0109375