2 0.184765625 0.828125 0.0859375 0.0171875
1 0.29140625 0.168359375 0.0140625 0.0171875
0 0.370703125 0.156640625 0.00859375 0.00859375
0 0.380078125 0.177734375 0.009375 0.01015625
0 0.350390625 0.184765625 0.01015625 0.00859375
0 0.319140625 0.17578125 0.0109375 0.00859375
0 0.2265625 0.36484375 0.009375 0.00859375
0 0.28203125 0.412890625 0.00859375 0.009375
0 0.343359375 0.4328125 0.0109375 0.01015625
0 0.179296875 0.4484375 0.01015625 0.009375
1 0.15 0.385546875 0.01796875 0.015625
1 0.605859375 0.506640625 0.015625 0.0171875
1 0.792578125 0.562109375 0.01640625 0.01640625
1 0.787109375 0.64921875 0.0171875 0.015625
1 0.6828125 0.6734375 0.01640625 0.01796875
1 0.57109375 0.594140625 0.0171875 0.015625
1 0.81640625 0.7375 0.01640625 0.0171875
1 0.744140625 0.86171875 0.015625 0.0171875
1 0.453515625 0.83984375 0.01484375 0.01875
1 0.465234375 0.751171875 0.0140625 0.01796875
0 0.762890625 0.796484375 0.009375 0.009375
0 0.6921875 0.79609375 0.00859375 0.00859375
0 0.6328125 0.787109375 0.0078125 0.009375
0 0.579296875 0.78828125 0.009375 0.01015625
0 0.5375 0.7796875 0.009375 0.009375
0 0.6515625 0.728515625 0.009375 0.009375
0 0.649609375 0.70078125 0.01015625 0.00859375
0 0.478515625 0.7296875 0.0109375 0.009375
0 0.470703125 0.795703125 0.009375 0.0109375
0 0.4828125 0.665625 0.00859375 0.009375
0 0.48671875 0.63125 0.01015625 0.01015625
0 0.7875 0.742578125 0.0078125 0.00859375
0 0.431640625 0.716796875 0.01015625 0.00859375
0 0.385546875 0.657421875 0.00859375 0.00859375
0 0.37578125 0.605859375 0.01015625 0.01015625
0 0.319921875 0.6015625 0.01015625 0.009375
0 0.489453125 0.574609375 0.01015625 0.009375
0 0.4796875 0.587890625 0.01015625 0.0109375
0 0.351953125 0.723828125 0.01015625 0.009375
0 0.25625 0.69296875 0.009375 0.009375
0 0.242578125 0.619921875 0.01015625 0.01015625
1 0.375 0.753515625 0.01796875 0.0171875
1 0.3109375 0.74921875 0.01640625 0.0203125
1 0.303125 0.659375 0.01796875 0.01953125
1 0.23828125 0.726171875 0.01640625 0.0171875
1 0.23671875 0.7390625 0.0171875 0.01484375
1 0.20078125 0.7 0.01796875 0.015625
1 0.169140625 0.68203125 0.0171875 0.0171875
1 0.088671875 0.70546875 0.0171875 0.015625
0 0.18984375 0.67109375 0.01171875 0.009375
0 0.13203125 0.667578125 0.00859375 0.0109375
0 0.1671875 0.7453125 0.0078125 0.00703125