1 0.247265625 0.200390625 0.0140625 0.01640625
0 0.257421875 0.24296875 0.009375 0.00859375
0 0.19609375 0.251953125 0.0109375 0.0078125
0 0.318359375 0.245703125 0.0109375 0.00859375
0 0.2046875 0.409375 0.01171875 0.00859375
0 0.32578125 0.404296875 0.009375 0.00859375
0 0.2703125 0.419140625 0.009375 0.009375
0 0.33515625 0.553125 0.0078125 0.0078125
0 0.21640625 0.587109375 0.01015625 0.00859375
0 0.277734375 0.6046875 0.009375 0.009375
0 0.378125 0.641015625 0.009375 0.00859375
0 0.259375 0.653125 0.009375 0.00859375
0 0.500390625 0.584375 0.0078125 0.00859375
0 0.511328125 0.664453125 0.009375 0.00859375
0 0.44453125 0.734765625 0.01171875 0.00859375
0 0.364453125 0.676171875 0.01015625 0.00859375
0 0.283984375 0.74609375 0.01015625 0.009375
1 0.50546875 0.609375 0.01640625 0.01484375
1 0.50859375 0.635546875 0.01796875 0.01484375
1 0.53125 0.664453125 0.01484375 0.0171875
0 0.53359375 0.635546875 0.01015625 0.009375
1 0.329296875 0.71171875 0.01484375 0.01796875
1 0.3484375 0.773828125 0.01640625 0.0171875
1 0.271875 0.75625 0.01484375 0.01640625
1 0.221484375 0.740234375 0.0171875 0.01484375
1 0.2234375 0.800390625 0.01875 0.01640625
0 0.273046875 0.79375 0.009375 0.009375
0 0.23984375 0.71171875 0.0078125 0.00703125
2 0.22265625 0.86796875 0.0609375 0.0140625