1 0.55390625 0.2515625 0.0140625 0.01640625
1 0.5234375 0.27421875 0.01640625 0.0140625
1 0.49765625 0.3125 0.0171875 0.01484375
2 0.15078125 0.8546875 0.0515625 0.01171875
0 0.56875 0.25234375 0.00703125 0.00625
2 0.55 0.359375 0.0625 0.0109375
1 0.48671875 0.503125 0.015625 0.0171875
1 0.55078125 0.4953125 0.01484375 0.0171875
1 0.60546875 0.4859375 0.01484375 0.01640625
1 0.6953125 0.49375 0.01640625 0.0171875
1 0.83203125 0.5421875 0.0171875 0.01484375
1 0.82734375 0.60078125 0.01640625 0.01484375
1 0.828125 0.66015625 0.01640625 0.01484375
1 0.8328125 0.71328125 0.0171875 0.015625
1 0.828125 0.79375 0.01796875 0.01484375
1 0.83125 0.84765625 0.01484375 0.0171875
1 0.62578125 0.84609375 0.01484375 0.01640625
1 0.49140625 0.81796875 0.01875 0.0140625
1 0.4921875 0.7890625 0.015625 0.01640625
1 0.4484375 0.78828125 0.01484375 0.01640625
1 0.33828125 0.78984375 0.01484375 0.0171875
1 0.278125 0.778125 0.01484375 0.01640625
1 0.1984375 0.7734375 0.0140625 0.01640625
1 0.1109375 0.67421875 0.01640625 0.01484375
1 0.1453125 0.6109375 0.01484375 0.0171875
1 0.1453125 0.58125 0.0171875 0.0140625
1 0.1421875 0.55703125 0.01640625 0.01484375
1 0.14921875 0.38359375 0.01640625 0.01484375
1 0.146875 0.21328125 0.01640625 0.01484375
1 0.1984375 0.15546875 0.0140625 0.01640625
1 0.33125 0.1578125 0.01484375 0.0171875
1 0.38984375 0.1828125 0.01640625 0.01484375
1 0.3921875 0.2328125 0.0171875 0.01484375
1 0.4 0.309375 0.0171875 0.0140625
1 0.39375 0.34453125 0.0171875 0.01640625
1 0.4 0.4015625 0.01796875 0.015625
1 0.39453125 0.45546875 0.01640625 0.01484375
1 0.40078125 0.50703125 0.0171875 0.01484375
1 0.45546875 0.55 0.01640625 0.01484375
1 0.4390625 0.56875 0.01484375 0.0171875
1 0.725 0.66484375 0.01484375 0.01796875
1 0.603125 0.62265625 0.0171875 0.01640625
1 0.6015625 0.55234375 0.01640625 0.015625
1 0.7546875 0.71953125 0.015625 0.01640625
1 0.77109375 0.74765625 0.01484375 0.01640625
1 0.7171875 0.78046875 0.0171875 0.01484375
1 0.66328125 0.78046875 0.01640625 0.015625
1 0.64765625 0.74609375 0.0140625 0.01640625
1 0.59921875 0.78203125 0.0171875 0.015625
1 0.55703125 0.78125 0.01640625 0.01484375
1 0.54609375 0.7453125 0.01484375 0.0171875
1 0.57421875 0.71953125 0.01640625 0.01640625
1 0.6203125 0.69453125 0.01640625 0.01640625
1 0.51796875 0.67109375 0.015625 0.01640625
1 0.4921875 0.71875 0.01640625 0.0140625
1 0.49375 0.7421875 0.015625 0.0140625
1 0.553125 0.553125 0.015625 0.015625
1 0.55390625 0.5796875 0.0140625 0.01640625
1 0.5234375 0.6015625 0.0171875 0.01484375
1 0.49453125 0.571875 0.0171875 0.015625
1 0.49609375 0.63984375 0.0171875 0.01484375
1 0.46015625 0.63125 0.01640625 0.01484375
1 0.44453125 0.6984375 0.015625 0.0171875
1 0.45625 0.71953125 0.01640625 0.01484375
1 0.4 0.73515625 0.0171875 0.0140625
1 0.340625 0.7 0.01484375 0.01640625
1 0.37734375 0.6375 0.01484375 0.01640625
1 0.27421875 0.64375 0.01640625 0.01484375
1 0.33828125 0.5671875 0.0140625 0.01640625
1 0.3296875 0.51171875 0.01640625 0.01640625
1 0.33046875 0.42578125 0.015625 0.01640625
1 0.328125 0.39140625 0.01484375 0.01640625
1 0.33359375 0.303125 0.0140625 0.01640625
1 0.33203125 0.225 0.01640625 0.01640625
1 0.271875 0.18515625 0.0140625 0.0171875
1 0.27265625 0.22265625 0.01484375 0.01640625
1 0.27265625 0.25 0.01640625 0.015625
1 0.23828125 0.23515625 0.015625 0.0140625
1 0.21328125 0.271875 0.01640625 0.0171875
1 0.20625 0.35703125 0.01640625 0.0171875
1 0.23046875 0.4125 0.01796875 0.015625
1 0.2140625 0.44375 0.015625 0.01640625
1 0.26875 0.50703125 0.0171875 0.015625
1 0.21640625 0.525 0.015625 0.01640625
1 0.23984375 0.6015625 0.01640625 0.015625
1 0.22265625 0.6734375 0.01796875 0.015625
1 0.19921875 0.64296875 0.01484375 0.0171875
1 0.28046875 0.71328125 0.015625 0.015625
1 0.15546875 0.740625 0.0171875 0.01484375
1 0.1921875 0.3953125 0.01484375 0.01640625