2 0.116015625 0.302734375 0.0578125 0.0125
2 0.273046875 0.3046875 0.0578125 0.0109375
2 0.386328125 0.306640625 0.06328125 0.0109375
2 0.533203125 0.308984375 0.07734375 0.0125
2 0.696875 0.312109375 0.0359375 0.0109375
2 0.717578125 0.4796875 0.03515625 0.01171875
2 0.497265625 0.47578125 0.0875 0.01328125
2 0.223828125 0.48515625 0.07734375 0.01171875
2 0.12265625 0.813671875 0.0625 0.01171875
2 0.253125 0.814453125 0.0625 0.0109375
2 0.41484375 0.81953125 0.03671875 0.0109375
2 0.54453125 0.821875 0.03515625 0.01171875
2 0.675 0.82421875 0.03671875 0.01171875
2 0.842578125 0.833984375 0.03671875 0.0109375