1 0.26875 0.18359375 0.01328125 0.015625
0 0.27578125 0.2265625 0.00859375 0.0078125
0 0.2140625 0.23125 0.01015625 0.00703125
0 0.33671875 0.23359375 0.01015625 0.0078125
0 0.21171875 0.3890625 0.0109375 0.0078125
0 0.3328125 0.3921875 0.00859375 0.0078125
0 0.2765625 0.403125 0.00859375 0.00859375
0 0.33203125 0.54140625 0.00703125 0.00703125
0 0.2109375 0.5671875 0.009375 0.0078125
0 0.27109375 0.5890625 0.00859375 0.00859375
0 0.36875 0.63203125 0.00859375 0.0078125
0 0.24921875 0.6359375 0.00859375 0.0078125
0 0.49453125 0.584375 0.00703125 0.0078125
0 0.5 0.66484375 0.00859375 0.0078125
0 0.428125 0.73046875 0.0109375 0.0078125
0 0.35234375 0.66640625 0.009375 0.0078125
0 0.2671875 0.73046875 0.009375 0.00859375
1 0.49765625 0.609375 0.015625 0.0140625
1 0.49921875 0.6359375 0.0171875 0.0140625
1 0.51953125 0.66640625 0.0140625 0.01640625
0 0.52421875 0.6375 0.009375 0.00859375
1 0.31484375 0.69921875 0.0140625 0.0171875
1 0.3296875 0.7625 0.015625 0.01640625
1 0.2546875 0.73984375 0.0140625 0.015625
1 0.20546875 0.7203125 0.01640625 0.0140625
1 0.203125 0.78046875 0.01796875 0.01484375
0 0.253125 0.77734375 0.00859375 0.00859375
0 0.22578125 0.69296875 0.00703125 0.00625
2 0.19765625 0.84765625 0.06015625 0.01015625