2 0.1796875 0.828125 0.08515625 0.0234375
1 0.18671875 0.69375 0.01796875 0.01640625
1 0.235546875 0.717578125 0.01640625 0.01796875
1 0.29765625 0.681640625 0.0171875 0.01796875
1 0.306640625 0.746484375 0.01640625 0.01796875
1 0.365234375 0.75 0.0171875 0.01640625
1 0.4296875 0.749609375 0.01875 0.01796875
1 0.4625 0.69453125 0.015625 0.0171875
1 0.530078125 0.659375 0.01875 0.01640625
1 0.680078125 0.67578125 0.01640625 0.01796875
1 0.784375 0.654296875 0.01875 0.01640625
1 0.7921875 0.5671875 0.01796875 0.015625
1 0.569140625 0.5953125 0.01875 0.01640625
1 0.48828125 0.60859375 0.0171875 0.01640625
1 0.519140625 0.560546875 0.01796875 0.01640625
1 0.4296875 0.587109375 0.01484375 0.0171875
1 0.453515625 0.5453125 0.01796875 0.015625
1 0.192578125 0.616796875 0.015625 0.01796875
1 0.17734375 0.54140625 0.01796875 0.01640625
1 0.367578125 0.49921875 0.01796875 0.01640625
1 0.605078125 0.50859375 0.01640625 0.01796875
1 0.38984375 0.226953125 0.01796875 0.01640625
1 0.203125 0.210546875 0.01875 0.01640625
1 0.34921875 0.144140625 0.01640625 0.01875
1 0.229296875 0.134375 0.0171875 0.01796875
1 0.297265625 0.164453125 0.0171875 0.01796875
1 0.398046875 0.18515625 0.01640625 0.01875
0 0.31953125 0.176953125 0.00859375 0.009375
0 0.362109375 0.1671875 0.009375 0.00859375
0 0.355078125 0.183203125 0.009375 0.009375
0 0.37578125 0.182421875 0.009375 0.009375
0 0.36015625 0.22578125 0.01015625 0.01015625
0 0.30078125 0.213671875 0.009375 0.009375
0 0.242578125 0.19921875 0.009375 0.01015625
0 0.221875 0.369921875 0.0109375 0.01015625
0 0.344140625 0.37890625 0.01171875 0.0109375
0 0.284765625 0.385546875 0.01171875 0.0109375
0 0.2109375 0.54921875 0.0109375 0.01015625
0 0.269921875 0.555078125 0.01015625 0.01171875
0 0.3328125 0.527734375 0.0125 0.01015625
0 0.309375 0.596875 0.009375 0.01015625
0 0.240234375 0.610546875 0.0109375 0.009375
0 0.342578125 0.65078125 0.01015625 0.01015625
0 0.483984375 0.568359375 0.00859375 0.00859375
0 0.478125 0.58671875 0.009375 0.00859375
0 0.744921875 0.569921875 0.00703125 0.0078125
0 0.625 0.655859375 0.0078125 0.0078125
0 0.490234375 0.664453125 0.009375 0.009375
0 0.48671875 0.6328125 0.00859375 0.009375
0 0.535546875 0.5515625 0.00703125 0.00859375
0 0.428125 0.72890625 0.01015625 0.00859375
0 0.399609375 0.71328125 0.009375 0.01015625
0 0.389453125 0.734375 0.009375 0.0078125
0 0.3875 0.747265625 0.01015625 0.00859375