2 0.1125 0.309375 0.0578125 0.01171875
2 0.26953125 0.30859375 0.0578125 0.01015625
2 0.3828125 0.30859375 0.06328125 0.01015625
2 0.5296875 0.30859375 0.07734375 0.0109375
2 0.69375 0.30859375 0.0359375 0.01015625
2 0.7171875 0.47578125 0.03515625 0.0109375
2 0.496875 0.47578125 0.0875 0.01171875
2 0.2234375 0.48984375 0.07734375 0.01015625
2 0.128125 0.8203125 0.0625 0.0109375
2 0.25859375 0.81875 0.0625 0.01015625
2 0.4203125 0.82109375 0.03671875 0.01015625
2 0.55 0.82109375 0.03515625 0.0109375
2 0.68046875 0.82109375 0.03671875 0.0109375
2 0.8484375 0.828125 0.03671875 0.01015625