2 0.078515625 0.614453125 0.08359375 0.021875
2 0.073046875 0.727734375 0.08828125 0.01640625
2 0.071875 0.82109375 0.06640625 0.0203125
2 0.1921875 0.826953125 0.07265625 0.021875
2 0.321875 0.8296875 0.11015625 0.0296875
2 0.1953125 0.725390625 0.07578125 0.021875
2 0.320703125 0.723046875 0.09140625 0.0296875
2 0.457421875 0.848828125 0.071875 0.01953125
2 0.458984375 0.7390625 0.0703125 0.021875
2 0.46796875 0.631640625 0.11484375 0.025
2 0.33671875 0.6171875 0.1140625 0.02734375
2 0.214453125 0.59921875 0.0921875 0.02421875
2 0.21640625 0.52421875 0.0921875 0.02421875
2 0.34453125 0.5296875 0.0640625 0.021875
2 0.476953125 0.528125 0.11015625 0.0265625
2 0.59765625 0.5234375 0.0921875 0.01875
2 0.605078125 0.440625 0.0828125 0.01640625
2 0.483203125 0.429296875 0.11328125 0.025
2 0.348828125 0.423046875 0.084375 0.025
2 0.223828125 0.41484375 0.08203125 0.021875
2 0.2375 0.31015625 0.09375 0.021875
2 0.365234375 0.323046875 0.09140625 0.021875
2 0.487890625 0.326171875 0.11484375 0.0234375
2 0.49375 0.221484375 0.12578125 0.02578125
2 0.355859375 0.209375 0.0796875 0.0234375
2 0.24140625 0.20078125 0.10390625 0.025
2 0.62578125 0.234765625 0.07421875 0.021875
2 0.742578125 0.22109375 0.0796875 0.01640625