2 0.113671875 0.879296875 0.075 0.01640625
2 0.3046875 0.864453125 0.075 0.01796875
2 0.31328125 0.78515625 0.084375 0.0171875
2 0.4953125 0.859375 0.09140625 0.01640625
2 0.7140625 0.82109375 0.09375 0.01640625
2 0.860546875 0.813671875 0.0828125 0.01640625
2 0.869921875 0.692578125 0.09765625 0.0234375
2 0.69921875 0.7015625 0.11484375 0.02421875
2 0.308203125 0.6890625 0.08359375 0.01796875
2 0.203125 0.61015625 0.075 0.015625
2 0.440234375 0.59765625 0.07421875 0.0171875
2 0.6078125 0.5890625 0.0765625 0.01796875
2 0.784375 0.5796875 0.0921875 0.01875