2 0.20859375 0.84921875 0.08515625 0.0109375
1 0.26875 0.18359375 0.01328125 0.01640625
0 0.346875 0.16640625 0.0078125 0.0078125
0 0.3578125 0.18671875 0.00859375 0.009375
0 0.32890625 0.19609375 0.009375 0.0078125
0 0.296875 0.1890625 0.01015625 0.0078125
0 0.21796875 0.384375 0.00859375 0.0078125
0 0.2765625 0.428125 0.0078125 0.00859375
0 0.3390625 0.44375 0.01015625 0.009375
0 0.1765625 0.47109375 0.009375 0.00859375
1 0.14296875 0.41015625 0.0171875 0.01484375
1 0.60625 0.49921875 0.01484375 0.01640625
1 0.79609375 0.54140625 0.015625 0.015625
1 0.796875 0.62890625 0.01640625 0.01484375
1 0.69453125 0.66015625 0.015625 0.0171875
1 0.57734375 0.5890625 0.01640625 0.01484375
1 0.83203125 0.71484375 0.015625 0.01640625
1 0.76875 0.84375 0.01484375 0.01640625
1 0.47734375 0.8421875 0.01328125 0.01796875
1 0.4828125 0.753125 0.01328125 0.0171875
0 0.7828125 0.77734375 0.00859375 0.00859375
0 0.7125 0.78203125 0.0078125 0.0078125
0 0.65234375 0.77734375 0.00703125 0.00859375
0 0.59921875 0.78203125 0.00859375 0.009375
0 0.55703125 0.7765625 0.00859375 0.00859375
0 0.6671875 0.7171875 0.00859375 0.00859375
0 0.66328125 0.68984375 0.009375 0.0078125
0 0.49453125 0.73046875 0.01015625 0.00859375
0 0.49140625 0.796875 0.00859375 0.01015625
0 0.49453125 0.66640625 0.0078125 0.00859375
0 0.49609375 0.63203125 0.009375 0.009375
0 0.80390625 0.721875 0.00703125 0.0078125
0 0.446875 0.72109375 0.009375 0.0078125
0 0.396875 0.66484375 0.0078125 0.0078125
0 0.38359375 0.6140625 0.009375 0.009375
0 0.32734375 0.6140625 0.009375 0.00859375
0 0.49453125 0.575 0.009375 0.00859375
0 0.4859375 0.5890625 0.009375 0.01015625
0 0.36796875 0.73359375 0.009375 0.00859375
0 0.2703125 0.709375 0.00859375 0.00859375
0 0.2515625 0.6375 0.009375 0.009375
1 0.39296875 0.76171875 0.0171875 0.01640625
1 0.32890625 0.76171875 0.01484375 0.01953125
1 0.31484375 0.67265625 0.01640625 0.01875
1 0.2546875 0.74375 0.015625 0.01640625
1 0.25390625 0.75703125 0.01640625 0.0140625
1 0.215625 0.7203125 0.0171875 0.01484375
1 0.1828125 0.7046875 0.01640625 0.01640625
1 0.10390625 0.73359375 0.01640625 0.01484375
0 0.20234375 0.6921875 0.0109375 0.00859375
0 0.14453125 0.69296875 0.0078125 0.01015625
0 0.18515625 0.76796875 0.00703125 0.00625