2 0.08828125 0.8515625 0.07421875 0.0140625
2 0.2796875 0.85 0.07421875 0.015625
2 0.29375 0.771484375 0.08359375 0.0140625
2 0.4703125 0.858203125 0.090625 0.01328125
2 0.691015625 0.835546875 0.09296875 0.01328125
2 0.837890625 0.837890625 0.08203125 0.0140625
2 0.85546875 0.71796875 0.096875 0.0203125
2 0.684375 0.71484375 0.1140625 0.0203125
2 0.2953125 0.675390625 0.0828125 0.01484375
2 0.19609375 0.5890625 0.07421875 0.01328125
2 0.43359375 0.593359375 0.0734375 0.01484375
2 0.6015625 0.596484375 0.07578125 0.015625
2 0.778125 0.59921875 0.09140625 0.015625