2 0.6625 0.65234375 0.38828125 0.02578125
2 0.246875 0.653125 0.3671875 0.02578125
1 0.70859375 0.39453125 0.028125 0.025
1 0.69453125 0.41640625 0.02265625 0.025
1 0.65 0.44921875 0.02421875 0.02734375
1 0.61796875 0.41796875 0.0265625 0.02421875
1 0.71015625 0.528125 0.028125 0.0234375
1 0.653125 0.5515625 0.02578125 0.02578125
1 0.61875 0.52421875 0.02578125 0.0234375
1 0.2828125 0.39609375 0.0296875 0.0234375
1 0.190625 0.4109375 0.028125 0.0234375
1 0.19375 0.32734375 0.02421875 0.025
1 0.2234375 0.359375 0.02265625 0.02578125
1 0.2625 0.3296875 0.025 0.02578125
1 0.28046875 0.3171875 0.0296875 0.02265625
1 0.228125 0.24375 0.02578125 0.0265625