2 0.18671875 0.77109375 0.234375 0.0234375
2 0.4296875 0.771875 0.21953125 0.02421875
2 0.67890625 0.76796875 0.240625 0.021875
2 0.86640625 0.78984375 0.10390625 0.03671875
2 0.45234375 0.50546875 0.6734375 0.02578125
1 0.15234375 0.309375 0.028125 0.02265625
1 0.15234375 0.3484375 0.025 0.02265625
1 0.19921875 0.3609375 0.02265625 0.02578125
1 0.4609375 0.34140625 0.02265625 0.02421875
1 0.6984375 0.30859375 0.0265625 0.02265625
1 0.6984375 0.3484375 0.0265625 0.02265625
1 0.709375 0.36953125 0.02109375 0.025