2 0.808203125 0.7875 0.15234375 0.02890625
1 0.14296875 0.64765625 0.025 0.028125
1 0.20546875 0.65 0.02578125 0.03046875
1 0.278125 0.65234375 0.02734375 0.0265625
1 0.346875 0.655078125 0.0265625 0.028125
1 0.39609375 0.655859375 0.02421875 0.02734375
1 0.45703125 0.65859375 0.025 0.02890625
1 0.496875 0.65703125 0.025 0.0296875
1 0.56171875 0.6609375 0.02734375 0.03046875
1 0.6640625 0.662890625 0.02734375 0.02890625
1 0.706640625 0.667578125 0.025 0.02890625
1 0.66796875 0.498828125 0.02734375 0.02578125
1 0.5015625 0.49609375 0.028125 0.025
1 0.09140625 0.60703125 0.02890625 0.02578125
1 0.09453125 0.4671875 0.028125 0.028125
1 0.09765625 0.36328125 0.02890625 0.02578125
1 0.101953125 0.28125 0.028125 0.02578125
1 0.151953125 0.2375 0.02578125 0.028125
1 0.221484375 0.239453125 0.025 0.028125
1 0.280859375 0.2421875 0.02421875 0.02890625
1 0.356640625 0.244921875 0.025 0.02890625
1 0.4109375 0.246875 0.025 0.02890625
1 0.46328125 0.2484375 0.02734375 0.02734375
1 0.5078125 0.25234375 0.02578125 0.03046875
1 0.57890625 0.254296875 0.02421875 0.02890625
1 0.67734375 0.258203125 0.025 0.028125
1 0.72734375 0.25390625 0.025 0.03046875
1 0.771875 0.25546875 0.02578125 0.028125
1 0.82734375 0.257421875 0.025 0.028125
1 0.88203125 0.26015625 0.02734375 0.02890625
1 0.9234375 0.32578125 0.0296875 0.025
1 0.919140625 0.401953125 0.0265625 0.0234375
1 0.916796875 0.491015625 0.028125 0.02734375
1 0.91328125 0.576953125 0.02734375 0.025
1 0.9109375 0.658984375 0.028125 0.02578125
1 0.866015625 0.673046875 0.02890625 0.0296875