2 0.18203125 0.765625 0.234375 0.02734375
2 0.425 0.770703125 0.21953125 0.028125
2 0.67421875 0.77109375 0.240625 0.02578125
2 0.861328125 0.79609375 0.1046875 0.03828125
2 0.45234375 0.5046875 0.6734375 0.0375
1 0.155859375 0.303515625 0.02890625 0.0234375
1 0.155078125 0.342578125 0.02578125 0.0234375
1 0.2015625 0.355859375 0.0234375 0.0265625
1 0.463671875 0.340625 0.0234375 0.025
1 0.7015625 0.312109375 0.02734375 0.0234375
1 0.701171875 0.351953125 0.02734375 0.0234375
1 0.71171875 0.373046875 0.021875 0.025