2 0.16875 0.7484375 0.23515625 0.03984375
2 0.4109375 0.76640625 0.2203125 0.03984375
2 0.659765625 0.7796875 0.24140625 0.03828125
2 0.8453125 0.81484375 0.10625 0.04375
2 0.451953125 0.501953125 0.6734375 0.07265625
1 0.16640625 0.285546875 0.0296875 0.02421875
1 0.163671875 0.324609375 0.0265625 0.02421875
1 0.209765625 0.340234375 0.02421875 0.02734375
1 0.472265625 0.3390625 0.02421875 0.02578125
1 0.711328125 0.323046875 0.028125 0.02421875
1 0.70859375 0.3625 0.028125 0.02421875
1 0.71796875 0.384375 0.02265625 0.0265625