2 0.81796875 0.7765625 0.1515625 0.0234375
1 0.1484375 0.66015625 0.02421875 0.02734375
1 0.2109375 0.66015625 0.025 0.0296875
1 0.28359375 0.66015625 0.0265625 0.02578125
1 0.35234375 0.66015625 0.02578125 0.02734375
1 0.4015625 0.659375 0.0234375 0.0265625
1 0.4625 0.66015625 0.02421875 0.028125
1 0.50234375 0.65703125 0.02421875 0.02890625
1 0.5671875 0.65859375 0.0265625 0.0296875
1 0.66953125 0.65703125 0.0265625 0.028125
1 0.7125 0.66015625 0.02421875 0.028125
1 0.66796875 0.49296875 0.0265625 0.025
1 0.5015625 0.49609375 0.02734375 0.02421875
1 0.0953125 0.62109375 0.028125 0.025
1 0.09375 0.48125 0.02734375 0.02734375
1 0.09296875 0.37734375 0.028125 0.025
1 0.09453125 0.2953125 0.02734375 0.025
1 0.14296875 0.25 0.025 0.02734375
1 0.2125 0.24921875 0.02421875 0.02734375
1 0.271875 0.25 0.0234375 0.028125
1 0.34765625 0.25 0.02421875 0.028125
1 0.40234375 0.25 0.02421875 0.028125
1 0.4546875 0.25 0.0265625 0.0265625
1 0.49921875 0.25234375 0.025 0.0296875
1 0.5703125 0.2515625 0.0234375 0.028125
1 0.66875 0.25234375 0.02421875 0.02734375
1 0.71875 0.24609375 0.02421875 0.0296875
1 0.76328125 0.24609375 0.025 0.02734375
1 0.81875 0.24609375 0.02421875 0.02734375
1 0.8734375 0.246875 0.0265625 0.028125
1 0.9171875 0.3109375 0.02890625 0.02421875
1 0.915625 0.3875 0.02578125 0.02265625
1 0.91640625 0.4765625 0.02734375 0.0265625
1 0.915625 0.5625 0.0265625 0.02421875
1 0.91640625 0.64453125 0.02734375 0.025
1 0.871875 0.66015625 0.028125 0.02890625