2 0.667578125 0.646484375 0.3890625 0.0390625
2 0.25234375 0.66171875 0.36796875 0.03828125
1 0.7046875 0.3875 0.02890625 0.02578125
1 0.69140625 0.409765625 0.0234375 0.02578125
1 0.648046875 0.444140625 0.025 0.028125
1 0.61484375 0.4140625 0.02734375 0.025
1 0.7109375 0.520703125 0.02890625 0.02421875
1 0.6546875 0.54609375 0.0265625 0.0265625
1 0.61953125 0.519921875 0.0265625 0.02421875
1 0.279296875 0.40390625 0.03046875 0.02421875
1 0.187890625 0.421875 0.02890625 0.02421875
1 0.187890625 0.33828125 0.025 0.02578125
1 0.21875 0.369140625 0.0234375 0.0265625
1 0.256640625 0.337890625 0.02578125 0.0265625
1 0.27421875 0.325 0.03046875 0.0234375
1 0.21953125 0.253515625 0.0265625 0.02734375