2 0.65703125 0.6578125 0.3890625 0.0390625
2 0.241796875 0.644140625 0.36796875 0.03828125
1 0.712109375 0.401953125 0.02890625 0.02578125
1 0.697265625 0.4234375 0.0234375 0.02578125
1 0.6515625 0.454296875 0.025 0.028125
1 0.620703125 0.422265625 0.02734375 0.025
1 0.708984375 0.535546875 0.02890625 0.02421875
1 0.651171875 0.55703125 0.0265625 0.0265625
1 0.61796875 0.528515625 0.0265625 0.02421875
1 0.28671875 0.388671875 0.03046875 0.02421875
1 0.19375 0.4 0.02890625 0.02421875
1 0.2 0.316796875 0.025 0.02578125
1 0.228515625 0.35 0.0234375 0.0265625
1 0.26875 0.321484375 0.02578125 0.0265625
1 0.287109375 0.309765625 0.03046875 0.0234375
1 0.237109375 0.234375 0.0265625 0.02734375