3 0.579216 0.574545 0.080000 0.061818
1 0.583137 0.634848 0.068235 0.052727
0 0.368235 0.398182 0.034118 0.026364
0 0.583922 0.854242 0.065882 0.050909
0 0.587059 0.618182 0.056471 0.043636
3 0.592157 0.592121 0.048235 0.037273
0 0.594510 0.851212 0.035294 0.027273
2 0.595686 0.840455 0.034118 0.031364
2 0.632549 0.364091 0.032941 0.030455
0 0.590196 0.242424 0.028235 0.021818
0 0.690196 0.874545 0.028235 0.021818
1 0.698039 0.772727 0.027059 0.020909
1 0.387451 0.606970 0.023529 0.018182
3 0.595294 0.601515 0.031765 0.024545
0 0.698431 0.817273 0.024706 0.019091
0 0.852157 0.603333 0.034118 0.026364
2 0.599216 0.893182 0.032941 0.030455
2 0.860000 0.621970 0.032941 0.030455
2 0.855294 0.554545 0.024706 0.022727
2 0.339608 0.820606 0.030588 0.028182
0 0.853333 0.595455 0.036471 0.028182
0 0.118824 0.052121 0.030588 0.023636
0 0.597255 0.802727 0.025882 0.020000
0 0.156863 0.593939 0.018824 0.014545
0 0.340000 0.800000 0.025882 0.020000
2 0.855686 0.825152 0.024706 0.022727
0 0.855294 0.520303 0.024706 0.019091
2 0.360784 0.249394 0.023529 0.021818
2 0.856078 0.836515 0.022353 0.020455
0 0.341961 0.889394 0.024706 0.019091
0 0.201569 0.528485 0.016471 0.012727
0 0.690588 0.885758 0.027059 0.020909
0 0.656471 0.483030 0.012941 0.010000
0 0.629412 0.341515 0.022353 0.017273
2 0.856078 0.743333 0.024706 0.022727
2 0.361176 0.199091 0.023529 0.021818
0 0.600000 0.584848 0.020000 0.015455
0 0.629412 0.299697 0.023529 0.018182
0 0.284706 0.229697 0.025882 0.020000
0 0.490588 0.900909 0.027059 0.020909
0 0.656863 0.555455 0.015294 0.011818
0 0.656863 0.515152 0.015294 0.011818
0 0.201961 0.564545 0.018824 0.014545
0 0.361176 0.360000 0.022353 0.017273
0 0.340392 0.808788 0.027059 0.020909
0 0.863137 0.918485 0.021176 0.016364
0 0.116471 0.692424 0.012941 0.010000
