0 0.821176 0.851212 0.075294 0.058182
0 0.789020 0.847273 0.029412 0.022727
0 0.118824 0.052121 0.030588 0.023636
2 0.836863 0.824697 0.027059 0.025000
0 0.642745 0.783939 0.011765 0.009091
0 0.306275 0.375758 0.011765 0.009091
0 0.836863 0.796061 0.027059 0.020909
0 0.478824 0.639697 0.011765 0.009091
0 0.839608 0.835152 0.018824 0.014545
0 0.312941 0.445758 0.011765 0.009091
0 0.478824 0.526667 0.011765 0.009091
0 0.259216 0.647576 0.011765 0.009091
0 0.314510 0.783939 0.011765 0.009091
0 0.306275 0.515455 0.011765 0.009091
0 0.850588 0.884545 0.015294 0.011818
0 0.306275 0.654848 0.011765 0.009091
0 0.306275 0.895455 0.011765 0.009091
0 0.651373 0.655152 0.011765 0.009091
0 0.680392 0.573333 0.011765 0.009091
0 0.478824 0.507879 0.011765 0.009091
0 0.479608 0.662727 0.011765 0.009091
