0 0.122353 0.689091 0.027059 0.020909
0 0.636471 0.637273 0.029412 0.022727
0 0.798039 0.813030 0.028235 0.021818
2 0.861569 0.051818 0.070588 0.065455
0 0.840392 0.899091 0.041176 0.031818
0 0.840392 0.776667 0.020000 0.015455
2 0.840392 0.786818 0.022353 0.020455
0 0.118824 0.052121 0.030588 0.023636
0 0.840392 0.862121 0.022353 0.017273
0 0.171765 0.826364 0.015294 0.011818
2 0.840392 0.762879 0.021176 0.019545
0 0.172549 0.792424 0.018824 0.014545
0 0.856863 0.153939 0.016471 0.012727
2 0.840784 0.877879 0.018824 0.017273
0 0.841961 0.853939 0.017647 0.013636
