0 0.178039 0.313333 0.051765 0.040000
0 0.169020 0.831515 0.029412 0.022727
0 0.369804 0.855152 0.031765 0.024545
0 0.307059 0.292121 0.027059 0.020909
0 0.268627 0.418485 0.032941 0.025455
0 0.482353 0.521515 0.034118 0.026364
0 0.169412 0.789091 0.029412 0.022727
0 0.168627 0.823030 0.028235 0.021818
0 0.168627 0.845152 0.029412 0.022727
0 0.798431 0.806061 0.027059 0.020909
0 0.808627 0.394848 0.027059 0.020909
2 0.662745 0.550303 0.029412 0.027273
0 0.875686 0.788788 0.027059 0.020909
0 0.431373 0.833636 0.023529 0.018182
0 0.118824 0.052121 0.030588 0.023636
0 0.371765 0.847576 0.023529 0.018182
0 0.659608 0.538485 0.017647 0.013636
0 0.123137 0.854545 0.015294 0.011818
0 0.801569 0.463636 0.017647 0.013636
0 0.755686 0.795455 0.029412 0.022727
0 0.230196 0.723333 0.030588 0.023636
0 0.192549 0.440909 0.025882 0.020000
0 0.268235 0.793333 0.030588 0.023636
0 0.755686 0.784848 0.029412 0.022727
0 0.837255 0.779697 0.030588 0.023636
0 0.661961 0.440000 0.028235 0.021818
0 0.309020 0.175152 0.029412 0.022727
0 0.256078 0.320909 0.022353 0.017273
0 0.270980 0.493636 0.025882 0.020000
0 0.837255 0.768485 0.027059 0.020909
0 0.808627 0.473939 0.025882 0.020000
0 0.661961 0.483333 0.021176 0.016364
0 0.741961 0.698485 0.011765 0.009091
0 0.161961 0.577576 0.014118 0.010909
