1 0.868824 0.039697 0.032353 0.031818
2 0.583137 0.642576 0.091765 0.085000
0 0.853333 0.720606 0.032941 0.025455
0 0.364314 0.926667 0.032941 0.025455
0 0.769020 0.443939 0.040000 0.030909
0 0.196863 0.903333 0.032941 0.025455
0 0.262745 0.306667 0.032941 0.025455
0 0.847059 0.486667 0.038824 0.030000
0 0.158431 0.851818 0.030588 0.023636
0 0.724706 0.258485 0.027059 0.020909
2 0.647843 0.610909 0.029412 0.027273
0 0.251373 0.679394 0.027059 0.020909
1 0.252941 0.571515 0.029412 0.022727
0 0.846275 0.619394 0.020000 0.015455
0 0.118824 0.052121 0.030588 0.023636
3 0.358824 0.686667 0.017647 0.013636
0 0.696078 0.635758 0.016471 0.012727
0 0.356863 0.825455 0.021176 0.016364
0 0.354902 0.371212 0.027059 0.020909
0 0.354902 0.340909 0.030588 0.023636
0 0.357255 0.625758 0.018824 0.014545
0 0.724706 0.209697 0.028235 0.021818
0 0.695686 0.665152 0.018824 0.014545
0 0.647451 0.620303 0.022353 0.017273
2 0.696863 0.612879 0.015294 0.014091
2 0.696078 0.622727 0.012941 0.011818
2 0.847451 0.361364 0.021176 0.019545
0 0.847451 0.407879 0.017647 0.013636
1 0.184706 0.629697 0.022353 0.017273
0 0.181176 0.382424 0.012941 0.010000
2 0.356863 0.598788 0.012941 0.011818
