1 0.5539805555555556 0.16835 0.014158333333333273 0.021707407407407436
1 0.5233541666666667 0.1985611111111111 0.01637916666666661 0.018822222222222223
1 0.49792083333333337 0.24962037037037035 0.016819444444444498 0.02002592592592589
2 0.1506597222222222 0.9727777777777779 0.05158472222222221 0.0154222222222223
2 0.5501958333333333 0.31199074074074074 0.06286666666666663 0.01475185185185183
1 0.48665 0.5044203703703704 0.015547222222222268 0.023357407407407365
1 0.5509694444444444 0.4941259259259259 0.015056944444444387 0.023375925925925856
1 0.6056569444444444 0.48162037037037037 0.014744444444444449 0.02229259259259253
1 0.6954263888888889 0.4920907407407407 0.016793055555555547 0.022629629629629555
1 0.8320916666666667 0.55645 0.016906944444444516 0.01972407407407406
1 0.8274555555555556 0.6340629629629629 0.016608333333333336 0.019396296296296356
1 0.8278375 0.7134037037037038 0.016376388888888815 0.019864814814814835
1 0.8328055555555556 0.7841166666666667 0.017338888888888793 0.020359259259259115
1 0.8277958333333334 0.8913407407407408 0.017788888888888854 0.020092592592592478
1 0.8310944444444445 0.9630814814814815 0.014913888888888893 0.022642592592592454
1 0.6257597222222222 0.9615296296296297 0.015065277777777775 0.02220000000000007
1 0.49170416666666666 0.9240759259259259 0.018676388888888895 0.019085185185185278
1 0.4919791666666667 0.8853481481481481 0.015734722222222275 0.02206666666666675
1 0.4481 0.8846611111111112 0.015225000000000044 0.022022222222222314
1 0.3384888888888889 0.8865666666666666 0.014877777777777768 0.023174074074074014
1 0.2783347222222222 0.8704425925925926 0.015223611111111146 0.022170370370370247
1 0.19829722222222224 0.8645259259259258 0.013691666666666658 0.02230185185185185
1 0.11071527777777777 0.7324407407407407 0.01651805555555555 0.019383333333333457
1 0.1451638888888889 0.6479611111111111 0.014619444444444463 0.022598148148148162
1 0.14565416666666667 0.6081648148148148 0.017094444444444468 0.018787037037037102
1 0.14249722222222222 0.576337037037037 0.016762500000000014 0.019611111111111097
1 0.14898611111111112 0.34521111111111114 0.016280555555555576 0.01936666666666668
1 0.14648472222222222 0.11822777777777776 0.016762500000000014 0.019431481481481477
1 0.19809027777777777 0.04082592592592593 0.01427638888888888 0.02217777777777778
1 0.33146250000000005 0.04426111111111111 0.014784722222222269 0.022399999999999993
1 0.38953194444444444 0.07690555555555556 0.016748611111111145 0.019883333333333326
1 0.3925638888888889 0.14417037037037037 0.017330555555555516 0.019468518518518534
1 0.40002499999999996 0.24610185185185185 0.017295833333333288 0.018585185185185187
1 0.3934611111111111 0.29236666666666666 0.017130555555555538 0.0213722222222222
1 0.39984305555555555 0.3692037037037037 0.017927777777777765 0.020820370370370433
1 0.3942263888888889 0.44036666666666663 0.01666527777777782 0.019559259259259203
1 0.4006652777777778 0.5090703703703704 0.017079166666666645 0.020025925925925964
1 0.4557791666666667 0.5662611111111111 0.016125000000000056 0.0194018518518518
1 0.4388361111111111 0.5917129629629629 0.014648611111111154 0.023111111111111082
1 0.7246958333333334 0.7198814814814815 0.015005555555555494 0.023514814814814915
1 0.6027722222222223 0.6637814814814815 0.016952777777777817 0.021664814814814786
1 0.6016666666666667 0.5695407407407408 0.016238888888888914 0.020644444444444392
1 0.754601388888889 0.7931833333333332 0.015984722222222247 0.0218759259259258
1 0.7713680555555557 0.8300870370370371 0.014619444444444518 0.021896296296296153
1 0.7175013888888889 0.8743796296296296 0.01706944444444436 0.01940740740740754
1 0.6633138888888889 0.8739703703703703 0.016384722222222203 0.020581481481481607
1 0.6477097222222222 0.8278759259259258 0.014093055555555623 0.02212592592592581
1 0.5992402777777778 0.8755611111111111 0.01736944444444455 0.02044259259259255
1 0.5574180555555556 0.8753740740740742 0.01648749999999999 0.0194018518518518
1 0.5459444444444445 0.8267685185185186 0.01497638888888897 0.022568518518518488
1 0.5741361111111111 0.7930592592592594 0.016019444444444364 0.021625925925925788
1 0.6200527777777778 0.7597814814814815 0.016613888888888928 0.022214814814814687
1 0.5177152777777778 0.7282018518518519 0.015355555555555567 0.021540740740740638
1 0.4921319444444444 0.7921759259259259 0.01653888888888888 0.01919629629629623
1 0.4936027777777778 0.8233129629629631 0.01599027777777773 0.018985185185185216
1 0.5533555555555555 0.5708518518518518 0.015840277777777745 0.02127407407407415
1 0.5537708333333333 0.6059462962962964 0.013679166666666687 0.021661111111111058
1 0.5233347222222222 0.6355092592592593 0.017123611111111048 0.019631481481481455
1 0.49451944444444446 0.5957185185185185 0.017326388888888933 0.02048333333333326
1 0.4958652777777778 0.6867944444444444 0.017026388888888855 0.01982592592592584
1 0.45981666666666665 0.6749851851851852 0.016223611111111147 0.01947407407407405
1 0.44481805555555554 0.7643722222222222 0.015643055555555563 0.022753703703703703
1 0.45640972222222226 0.7925148148148148 0.016390277777777795 0.019874074074074006
1 0.39981666666666665 0.8137944444444444 0.017377777777777825 0.019225925925926052
1 0.34080000000000005 0.7667555555555555 0.015012499999999984 0.021535185185185195
1 0.3777069444444444 0.6836222222222222 0.015036111111111139 0.02212222222222208
1 0.2744888888888889 0.6914777777777777 0.01650555555555555 0.019887037037036908
1 0.3384708333333333 0.590062962962963 0.013843055555555539 0.021801851851851833
1 0.3298291666666667 0.5154537037037037 0.016502777777777755 0.022155555555555484
1 0.3307763888888889 0.4014092592592593 0.015405555555555561 0.022081481481481518
1 0.32832500000000003 0.35510185185185184 0.014990277777777727 0.021864814814814764
1 0.33384305555555555 0.23797777777777776 0.014059722222222182 0.022277777777777768
1 0.3317569444444445 0.1337962962962963 0.016369444444444436 0.02198518518518518
1 0.27165694444444444 0.08022222222222222 0.013833333333333364 0.02252962962962962
1 0.27277083333333335 0.1300537037037037 0.015062499999999979 0.02181296296296298
1 0.27234722222222224 0.16673333333333332 0.016708333333333325 0.020718518518518508
1 0.23830555555555555 0.14705370370370371 0.01593055555555556 0.018585185185185187
1 0.21341944444444444 0.1954222222222222 0.01651666666666668 0.022922222222222215
1 0.20591527777777777 0.30965740740740744 0.016465277777777787 0.023381481481481448
1 0.23084999999999997 0.38374444444444444 0.017643055555555565 0.021320370370370306
1 0.21434861111111111 0.4252037037037037 0.015551388888888906 0.02180555555555556
1 0.26912083333333336 0.5096759259259259 0.017405555555555563 0.021235185185185152
1 0.21666666666666667 0.5328574074074074 0.01570138888888889 0.022394444444444456
1 0.23951666666666666 0.635912962962963 0.01652916666666665 0.02109999999999997
1 0.222425 0.7315833333333334 0.01774444444444445 0.02032592592592586
1 0.19944027777777779 0.690362962962963 0.01498194444444445 0.022974074074074185
1 0.28075972222222223 0.7845481481481483 0.015586111111111078 0.02055925925925924
1 0.1554986111111111 0.820624074074074 0.0168402777777778 0.020253703703703607
1 0.19239027777777779 0.36084074074074074 0.014841666666666642 0.021379629629629655