2 0.2091625 0.9732981481481482 0.08475694444444443 0.02235925925925919
1 0.20504166666666665 0.793612962962963 0.01606944444444447 0.0201351851851852
1 0.2551777777777778 0.8194240740740741 0.014454166666666657 0.022155555555555633
1 0.3140833333333333 0.7641555555555555 0.015583333333333282 0.02153703703703691
1 0.32869305555555556 0.8502277777777777 0.014784722222222269 0.021755555555555677
1 0.3876958333333333 0.8483222222222221 0.015263888888888855 0.019635185185185183
1 0.4519416666666667 0.8398074074074074 0.016926388888888866 0.021772222222222304
1 0.4797708333333333 0.7625907407407407 0.01436527777777774 0.02178703703703692
1 0.5434847222222222 0.7084425925925926 0.016954166666666604 0.020025925925925964
1 0.6945097222222223 0.7129703703703704 0.015038888888888824 0.022318518518518477
1 0.7971763888888889 0.6717759259259259 0.01702361111111106 0.01940740740740754
1 0.7967236111111111 0.5555537037037036 0.01696388888888878 0.019203703703703685
1 0.5770180555555555 0.6189555555555556 0.01680416666666673 0.019738888888888823
1 0.49754305555555556 0.6457796296296296 0.015965277777777676 0.019840740740740753
1 0.5244902777777778 0.5786111111111111 0.01659166666666656 0.01966111111111113
1 0.43732638888888886 0.6244111111111111 0.013483333333333292 0.022196296296296342
1 0.4579375 0.5661055555555555 0.017502777777777756 0.018885185185185154
1 0.20396527777777776 0.6911092592592593 0.01391527777777779 0.022562962962963045
1 0.1819388888888889 0.5926944444444445 0.01678750000000001 0.020205555555555588
1 0.3682708333333334 0.5148666666666667 0.01615416666666669 0.019561111111111067
1 0.6056666666666667 0.4989962962962963 0.014913888888888893 0.021642592592592564
1 0.36635416666666665 0.15033703703703705 0.016323611111111136 0.019683333333333348
1 0.179025 0.15033703703703705 0.01696249999999999 0.019683333333333348
1 0.31882916666666666 0.04428703703703704 0.014972222222222276 0.02307777777777777
1 0.1983763888888889 0.04541666666666667 0.015506944444444448 0.02202962962962964
1 0.26877361111111114 0.0781074074074074 0.015504166666666652 0.02197222222222221
1 0.3710847222222222 0.09395185185185184 0.014879166666666666 0.023251851851851857