2 0.2089 0.9659203703703705 0.08484027777777775 0.014237037037037048
1 0.26890416666666667 0.07789259259259258 0.013366666666666638 0.021816666666666668
1 0.1432361111111111 0.37979999999999997 0.01680694444444447 0.019757407407407463
1 0.6059305555555555 0.4989555555555556 0.015186111111111122 0.022040740740740805
1 0.796323611111111 0.5552 0.016012499999999985 0.02129629629629637
1 0.7970402777777778 0.6715851851851852 0.016344444444444495 0.020244444444444436
1 0.6942819444444445 0.7132703703703703 0.015418055555555643 0.022735185185185063
1 0.5771805555555555 0.618837037037037 0.016690277777777762 0.01989444444444451
1 0.8318583333333334 0.7868703703703704 0.01594444444444454 0.021405555555555605
1 0.7690513888888889 0.9584129629629631 0.014958333333333407 0.021848148148148283
1 0.4776194444444445 0.9561703703703702 0.0133388888888889 0.02398148148148138
1 0.48263749999999994 0.837138888888889 0.013448611111111064 0.022681481481481452
1 0.3929638888888889 0.8486055555555555 0.017186111111111124 0.022083333333333382
1 0.3289972222222223 0.8493777777777778 0.014987500000000042 0.025833333333333226
1 0.3145777777777778 0.7301611111111111 0.016477777777777813 0.024899999999999995
1 0.2549375 0.8252611111111111 0.015762500000000013 0.021720370370370407
1 0.25355833333333333 0.8427611111111112 0.01631388888888885 0.01848148148148147
1 0.21539583333333331 0.7934999999999999 0.017194444444444457 0.01996111111111117
1 0.18296805555555554 0.772474074074074 0.01630972222222221 0.02202407407407403
1 0.10427916666666666 0.8112925925925926 0.0166486111111111 0.020251851851851892