2 0.1865235294117647 0.9194709285978543 0.23440980392156863 0.035829013688494254
2 0.4297862745098039 0.9198618897521272 0.21938431372549005 0.037735328153903194
2 0.6789196078431372 0.9140853629300777 0.24077843137254895 0.034034835368109376
2 0.8662215686274508 0.947962601553829 0.10366666666666657 0.05691363965963731
2 0.4519960784313725 0.5085677247502775 0.6734137254901961 0.03995986681465046
1 0.1523235294117647 0.20558798372179063 0.027737254901960773 0.03457127044025154
1 0.1523235294117647 0.2657869093599704 0.02511960784313727 0.035571403625601204
1 0.1994549019607843 0.2851106947835738 0.02249411764705883 0.039817423603403596
1 0.460713725490196 0.2544550972992971 0.02261764705882352 0.0371928316685165
1 0.6983372549019607 0.20467877173510912 0.026529411764705912 0.034774327783943765
1 0.6983372549019607 0.26558385201627815 0.026529411764705912 0.03516528893821676
1 0.7094 0.29847004957454676 0.02116078431372559 0.03869606215316313