0 0.36504313725490195 0.08969679319274879 0.021990196078431334 0.07547974842767294
0 0.24528823529411764 0.17762971513133555 0.04698431372549017 0.0313193222345542
0 0.511521568627451 0.17479297373288938 0.04125882352941179 0.0313193222345542
0 0.1358156862745098 0.1521505645578986 0.02274117647058821 0.058435054384017734
0 0.10252549019607843 0.18671577358490568 0.03789803921568627 0.03245280651128376
0 0.15220784313725488 0.22496632186459486 0.02154509803921567 0.0649510736219016
0 0.3779039215686274 0.27578217980022196 0.02199411764705883 0.07005175286718458
0 0.6248607843137255 0.11716105660377357 0.021801960784313623 0.05801681687014428
0 0.6688960784313726 0.11560024269330374 0.02262352941176471 0.057731930447650764
0 0.691670588235294 0.17883593636699963 0.04245882352941166 0.032313394006659286
0 0.6341372549019607 0.18934036551979283 0.023821568627450995 0.07035179282278949
0 0.5789882352941177 0.3177968657047724 0.020982352941176563 0.057550088050314474
0 0.2071803921568627 0.33512644617092113 0.024035294117647044 0.05814410654827969
0 0.10514901960784313 0.439243341472438 0.045903921568627465 0.03498647724750282
0 0.3334078431372549 0.4403798564557898 0.044131372549019554 0.03157996300406956
0 0.208878431372549 0.5470455760266371 0.022839215686274505 0.07030936293007763
0 0.7679431372549019 0.4403071194968553 0.04346470588235296 0.03285589049204594
0 0.5797254901960784 0.5473304624491306 0.02245686274509806 0.08223216278209396
0 0.5970843137254902 0.7149194465408806 0.022270588235294042 0.0639448790233075
0 0.636021568627451 0.7758851409544949 0.03769411764705888 0.033983313355530766
0 0.4138156862745098 0.6918527384387716 0.022184313725490235 0.09872526822049571
0 0.48824901960784317 0.7696418853126157 0.03787843137254909 0.03284982907880133
0 0.4174901960784313 0.8808506341102478 0.022184313725490235 0.05227362782093961
0 0.25305686274509803 0.7746092134665186 0.03588627450980397 0.03426819977802432
0 0.13275294117647057 0.7224416603773584 0.02304313725490198 0.09886165001849805
0 0.17127647058823528 0.7766670632630409 0.038558823529411757 0.03128598446170934
0 0.14510392156862745 0.8005823692193859 0.021113725490196078 0.04930656603773591
0 0.5151117647058824 0.5456484202737698 0.02088627450980396 0.06183247650758412
0 0.5422019607843137 0.463607192008879 0.04016862745098049 0.03402877395486493
0 0.5160294117647058 0.4164797040325564 0.022723529411764698 0.05901998076211625
0 0.4418254901960784 0.4417467051424343 0.0433039215686275 0.03573506178320387
0 0.48797450980392154 0.4641739341472438 0.03916470588235299 0.03516528893821676