0 0.09359019607843137 0.09413980910099888 0.03620784313725489 0.03403180466148724
0 0.1486941176470588 0.05523159748427673 0.02261372549019608 0.053055550129485755
0 0.20534313725490194 0.09063934295227524 0.03249607843137253 0.03170119126896043
0 0.2507450980392157 0.09110607177210509 0.03045294117647057 0.03263464890862005
0 0.3195862745098039 0.05634083610802812 0.023198039215686306 0.05177356122826489
0 0.4138 0.09332454901960784 0.03347843137254902 0.03006764039955605
0 0.5887313725490196 0.16617970551239364 0.02175882352941172 0.048603442101368854
0 0.4707529411764706 0.24808152127265995 0.03490588235294112 0.035053152793192786
0 0.7919450980392156 0.2487816145024047 0.03565490196078436 0.031786051054384
0 0.6637019607843138 0.3815629330373659 0.022233333333333327 0.054661824639289716
0 0.5824450980392156 0.4103788916019238 0.023527450980392217 0.05395566999630044
0 0.6819294117647059 0.5141078564557898 0.02925098039215679 0.030391926008139118
0 0.4460803921568628 0.519299456899741 0.04444313725490201 0.03120718608953023
0 0.6062529411764706 0.6182308131705513 0.020566666666666622 0.05545586977432476
0 0.5840549019607842 0.6987415345911949 0.021460784313725556 0.08579627376988527
0 0.6467039215686274 0.7655928612652606 0.041080392156862766 0.030482847206807287
0 0.5850725490196078 0.8851845445800961 0.02123529411764702 0.06198098113207551
0 0.4532058823529411 0.7690448361080282 0.03378039215686279 0.033889361450240546
0 0.31009019607843136 0.5566498853126156 0.019305882352941173 0.11897644987051433
0 0.2518490196078431 0.6021529145394006 0.04096274509803921 0.03263767961524227
0 0.21093725490196077 0.7653110055493896 0.03462549019607841 0.03108898853126156
0 0.1733098039215686 0.6937923906770256 0.02051568627450978 0.08640241509433955
0 0.17595098039215687 0.8857088568257491 0.021270588235294097 0.06186581428042906
0 0.0790686274509804 0.769802512763596 0.04113333333333333 0.03423789271180177
0 0.11737647058823529 0.4704202204957455 0.01886078431372548 0.07486148427672955
0 0.09526078431372548 0.5151049589345171 0.04256470588235295 0.031219308916019282
0 0.1198686274509804 0.5508036522382538 0.0211254901960784 0.06527838993710694