2 0.8183529411764706 0.927850832408435 0.15195098039215682 0.03581689086200503
1 0.14873921568627452 0.7475904639289678 0.024529411764705855 0.04182678209396967
1 0.21130980392156862 0.7476662315945245 0.024811764705882366 0.046466793932667366
1 0.28376666666666667 0.7475662182759896 0.02648039215686271 0.040281121716611176
1 0.3525549019607843 0.7475904639289678 0.025645098039215664 0.04182678209396967
1 0.401478431372549 0.7466176071032187 0.023800000000000043 0.04137823751387345
1 0.462678431372549 0.7478147362190158 0.024243137254902014 0.043772495745467994
1 0.502021568627451 0.7432020007399185 0.02452941176470591 0.04501811616722166
1 0.5669745098039216 0.7445749108398075 0.02667450980392161 0.04626676729559754
1 0.6695019607843137 0.7422048982611912 0.026531372549019716 0.043023911209766945
1 0.7127039215686274 0.7476177402885682 0.023890196078431458 0.04337244247132816
1 0.6681666666666667 0.4892590928597854 0.026766666666666605 0.03830510099889013
1 0.5014568627450979 0.49407185497595263 0.02727254901960774 0.0374595338512763
1 0.0949392156862745 0.6869642086570477 0.02823921568627452 0.03876273769885319
1 0.09392156862745098 0.47094453274139847 0.02717450980392158 0.04206923862375145
1 0.09330980392156862 0.3100715945246023 0.02788431372549019 0.03898094857565668
1 0.0944235294117647 0.18322439955604883 0.027205882352941163 0.03811719718830927
1 0.1433470588235294 0.1135999763226045 0.025360784313725515 0.04248747613762486
1 0.21282941176470588 0.11262711949685535 0.023982352941176455 0.042038931557528685
1 0.2721411764705882 0.1136242219755827 0.023554901960784358 0.044033136514983355
1 0.3479450980392157 0.11322416870144282 0.024170588235294166 0.04323606067332591
1 0.40201568627450984 0.11322416870144282 0.02390588235294122 0.04323606067332591
1 0.4550039215686274 0.11299989641139475 0.026317647058823557 0.041290347021827586
1 0.49922352941176473 0.11693981502034777 0.024739215686274463 0.046178876803551594
1 0.5702607843137254 0.11651551609322974 0.023568627450980317 0.04383310987791344
1 0.6683764705882352 0.11669129707732148 0.02428235294117642 0.042687502774694776
1 0.7188235294117646 0.10766282204957456 0.024513725490196148 0.045578796892341844
1 0.763156862745098 0.10761433074361819 0.025101960784313704 0.0424844454310026
1 0.8184686274509803 0.10721427746947836 0.024417647058823544 0.04168736958934516
1 0.8731901960784314 0.10821137994820569 0.026423529411764735 0.04368157454679987
1 0.916935294117647 0.20753975878653347 0.02874117647058827 0.037377704772475054
1 0.9156450980392157 0.3262767828338882 0.02615882352941168 0.03548654384017756
1 0.9166607843137256 0.46387086348501666 0.027223529411764646 0.04138429892711806
1 0.9157745098039215 0.5970461738808731 0.026417647058823546 0.03695340584535703
1 0.9165313725490196 0.7233660258971513 0.026966666666666583 0.03825964039955596
1 0.8722215686274509 0.7476056174620791 0.02835882352941166 0.04484839659637437