2 0.2089 0.9659203703703705 0.08484027777777775 0.014237037037037048
1 0.26890416666666667 0.07789259259259258 0.013366666666666638 0.021816666666666668
0 0.34704583333333333 0.054844444444444446 0.007518055555555514 0.010277777777777775
0 0.3580194444444444 0.08248888888888889 0.008509722222222238 0.01262592592592593
0 0.3285444444444444 0.09484074074074074 0.009670833333333295 0.010859259259259272
0 0.29678194444444445 0.08491481481481482 0.010116666666666663 0.010125925925925908
0 0.21759722222222222 0.34600370370370376 0.008361111111111097 0.010251851851851809
0 0.2764625 0.40379814814814824 0.007526388888888902 0.01113703703703702
0 0.3389388888888889 0.42544999999999994 0.010055555555555595 0.012529629629629557
0 0.176625 0.46111296296296306 0.00913750000000002 0.01179444444444444
1 0.1432361111111111 0.37979999999999997 0.01680694444444447 0.019757407407407463
1 0.6059305555555555 0.4989555555555556 0.015186111111111122 0.022040740740740805
1 0.796323611111111 0.5552 0.016012499999999985 0.02129629629629637
1 0.7970402777777778 0.6715851851851852 0.016344444444444495 0.020244444444444436
1 0.6942819444444445 0.7132703703703703 0.015418055555555643 0.022735185185185063
1 0.5771805555555555 0.618837037037037 0.016690277777777762 0.01989444444444451
1 0.8318583333333334 0.7868703703703704 0.01594444444444454 0.021405555555555605
1 0.7690513888888889 0.9584129629629631 0.014958333333333407 0.021848148148148283
1 0.4776194444444445 0.9561703703703702 0.0133388888888889 0.02398148148148138
1 0.48263749999999994 0.837138888888889 0.013448611111111064 0.022681481481481452
0 0.7830027777777777 0.8693055555555556 0.008670833333333405 0.011279629629629659
0 0.7126944444444444 0.8765481481481481 0.008127777777777734 0.010322222222222344
0 0.6526986111111112 0.869637037037037 0.007252777777777775 0.01120555555555569
0 0.5989625 0.8764370370370371 0.008416666666666739 0.012307407407407508
0 0.5570263888888889 0.8691222222222222 0.00891805555555547 0.011646296296296358
0 0.6669541666666666 0.7894240740740742 0.00874027777777786 0.011074074074074089
0 0.6636180555555555 0.7532148148148149 0.009236111111111 0.009977777777777716
0 0.4947138888888889 0.8074 0.010027777777777747 0.010996296296296393
0 0.49170833333333336 0.8961407407407407 0.008980555555555547 0.013479629629629564
0 0.49485138888888885 0.7214166666666667 0.007547222222222261 0.011822222222222104
0 0.49598194444444443 0.6759796296296297 0.009255555555555572 0.01212407407407401
0 0.80415 0.7960037037037037 0.007400000000000073 0.010262962962962993
0 0.4472013888888889 0.7951962962962963 0.009304166666666669 0.010116666666666774
0 0.39691111111111116 0.7196888888888889 0.007986111111111138 0.010572222222222353
0 0.3838388888888889 0.6521148148148148 0.00941527777777773 0.012188888888888952
0 0.32759305555555557 0.6523 0.00942222222222222 0.011820370370370389
0 0.4948694444444444 0.5996851851851852 0.009236111111111112 0.011737037037037101
0 0.4856888888888889 0.6183962962962963 0.00907222222222226 0.013129629629629639
0 0.36793055555555554 0.81115 0.009030555555555542 0.011142592592592612
0 0.27015833333333333 0.7787962962962963 0.008705555555555522 0.011142592592592612
0 0.2517402777777778 0.6829981481481481 0.00936944444444443 0.012188888888888805
1 0.3929638888888889 0.8486055555555555 0.017186111111111124 0.022083333333333382
1 0.3289972222222223 0.8493777777777778 0.014987500000000042 0.025833333333333226
1 0.3145777777777778 0.7301611111111111 0.016477777777777813 0.024899999999999995
1 0.2549375 0.8252611111111111 0.015762500000000013 0.021720370370370407
1 0.25355833333333333 0.8427611111111112 0.01631388888888885 0.01848148148148147
1 0.21539583333333331 0.7934999999999999 0.017194444444444457 0.01996111111111117
1 0.18296805555555554 0.772474074074074 0.01630972222222221 0.02202407407407403
1 0.10427916666666666 0.8112925925925926 0.0166486111111111 0.020251851851851892
0 0.2024888888888889 0.7560425925925927 0.011233333333333317 0.011955555555555423
0 0.14458888888888888 0.7569611111111111 0.00793194444444445 0.013057407407407537
0 0.1850638888888889 0.8570685185185186 0.007265277777777801 0.00812592592592587