2 0.3995549019607843 0.19810213836477986 0.000023529411764755537 0.00015153533111361128
0 0.4105882353515625 0.2066941916981132 0.40843137255859374 0.19578364754716984 0.40411764697265623 0.1915406588679245 0.39745098046875 0.1915406588679245 0.39333333349609373 0.19608671849056605 0.39254901953125 0.2000266369811321 0.39235294140625 0.2066941916981132 0.3939215688476562 0.21214946339622642 0.40843137255859374 0.22972756226415095 0.4105882353515625 0.2066941916981132
0 0.81764705859375 0.21184639320754714 0.8149019609375 0.20608805056603774 0.81 0.20305734339622641 0.8072549018554688 0.2036634852830189 0.8039215688476562 0.2066941916981132 0.8009803920898437 0.2136648166037736 0.8005882353515625 0.2203323713207547 0.8072549018554688 0.2448810950943396 0.81764705859375 0.22427228981132075 0.81764705859375 0.21184639320754714
0 0.8247058823242187 0.4061146875471698 0.8278431372070313 0.40278091018867923 0.8307843139648438 0.3942949313207547 0.8307843139648438 0.39065808377358496 0.8284313725585938 0.38550588226415095 0.826274509765625 0.3824751758490566 0.8219607841796875 0.3800506105660377 0.8147058823242187 0.38368745811320754 0.81254901953125 0.3909611539622642 0.8127450981445312 0.4009624860377359 0.8154901962890625 0.4049024045283019 0.8207843139648437 0.40793311169811325 0.8247058823242187 0.4061146875471698
0 0.731176470703125 0.47006259698113206 0.7343137255859375 0.4685472437735849 0.7380392158203125 0.4633950422641509 0.7401960786132813 0.45309064 0.7380392158203125 0.4467261562264151 0.7309803920898438 0.4418770256603774 0.723725490234375 0.4418770256603774 0.7229411762695312 0.44369544981132075 0.7217647060546875 0.45309064 0.7219607841796875 0.4600612649056604 0.7256862744140625 0.4682441728301887 0.731176470703125 0.47006259698113206
0 0.7378431372070312 0.5121894188679246 0.7403921567382813 0.5082495003773585 0.7419607841796875 0.5024911577358491 0.741372548828125 0.49430824981132077 0.7380392158203125 0.4882468369811321 0.7349019609375 0.4867314837735849 0.7298039213867188 0.4876406958490566 0.726274509765625 0.4915806143396227 0.723725490234375 0.4976420271698113 0.719476470703125 0.49972351698113204 0.7256862744140625 0.5082495003773585 0.7303921567382813 0.512795560754717 0.7378431372070312 0.5121894188679246
0 0.725 0.4410132741398446 0.00009215686274499646 0.00009698261191260826
2 0.6172549018554687 0.8255644837735849 0.8766666665039062 0.8137447283018868 0.8821568627929688 0.8107140211320755 0.88 0.8076833147169811 0.8766666665039062 0.8067741026415094 0.7482352939453125 0.7931359230188679 0.7278431372070312 0.7922267109433963 0.6352941176757813 0.7925297818867925 0.6156862744140625 0.7952574173584905 0.6101960786132813 0.7998034777358491 0.6082352939453125 0.804955679245283 0.6078431372070312 0.8128355162264151 0.608823529296875 0.8182907879245284 0.61235294140625 0.823139918490566 0.6172549018554687 0.8255644837735849
2 0.9509803920898438 0.4464230852830189 0.9580392158203125 0.44733229735849056 0.96764705859375 0.4446046611320755 0.9752941176757812 0.43430025886792456 0.981372548828125 0.4215712913207547 0.9827450981445313 0.4091453939622642 0.9819607841796875 0.39581028452830186 0.97764705859375 0.380353680754717 0.9727450981445313 0.3733830558490566 0.9641176469726562 0.3673216422641509 0.9554901962890625 0.3658062890566038 0.9460784311523438 0.36944313735849055 0.94254901953125 0.3721707735849057 0.9354901962890625 0.38095982264150946 0.9305882353515625 0.3942949313207547 0.9301960786132812 0.4003563449056604 0.9309803920898437 0.41793444301886795 0.9354901962890625 0.43217876452830184 0.9421568627929687 0.4406647426415094 0.9509803920898438 0.4464230852830189
2 0.96728515625 0.3690566037735849 0.97607421875 0.37735849056603776 0.98193359375 0.3939622641509434 0.98193359375 0.4188679245283019 0.970703125 0.44150943396226416 0.96533203125 0.4460377358490566 0.9580078125 0.44754716981132076 0.94482421875 0.4430188679245283 0.935546875 0.4316981132075472 0.9306640625 0.41509433962264153 0.9306640625 0.3947169811320755 0.935546875 0.38113207547169814 0.94580078125 0.36981132075471695 0.95556640625 0.3660377358490566 0.966796875 0.3690566037735849
2 0.44677734375 0.8928301886792452 0.50732421875 0.8935849056603774 0.5126953125 0.9056603773584906 0.55322265625 0.9064150943396226 0.55517578125 0.9079245283018867 0.5537109375 0.9132075471698113 0.4130859375 0.9116981132075471 0.3876953125 0.9132075471698113 0.37939453125 0.9207547169811321 0.35400390625 0.9192452830188679 0.3359375 0.9230188679245283 0.318359375 0.9207547169811321 0.30078125 0.9245283018867925 0.29443359375 0.9215094339622641 0.29052734375 0.9124528301886793 0.2919921875 0.9011320754716982 0.2998046875 0.8943396226415095 0.310546875 0.8973584905660378 0.31591796875 0.8935849056603774 0.4462890625 0.8928301886792452