2 0.14965686274509804 0.25889508250092486 0.13591568627450978 0.04055085460599337
2 0.3340254901960784 0.25838895449500554 0.12687450980392156 0.041563110617832
2 0.540613725490196 0.25889508250092486 0.13090196078431382 0.04055085460599337
2 0.7671372549019607 0.25919815316315203 0.1055176470588235 0.043178477247502775
2 0.15024509803921568 0.5111256411394747 0.14101372549019603 0.04191770329263784
2 0.3359862745098039 0.5103164424713281 0.13340980392156865 0.040302336662967064
2 0.5407450980392157 0.5102164291527932 0.12854901960784315 0.04212076063633006
2 0.763543137254902 0.5108225704772474 0.12839215686274508 0.03929311135775057
2 0.3605588235294117 0.7119523847576766 0.17732549019607846 0.0394749537550869
2 0.5308764705882353 0.7122524247132815 0.13887647058823527 0.04210257639659639
2 0.8200745098039216 0.7113462434332224 0.1774019607843138 0.042302603033666224
0 0.5495607843137255 0.7959272038475768 0.03496470588235301 0.03064044395116551
0 0.6455803921568627 0.8594932445431 0.023990196078431447 0.03683520828708836
0 0.4997980392156862 0.9006350869404364 0.027850980392156943 0.03045254014058439
0 0.3561960784313725 0.7893263248242692 0.024598039215686263 0.030382833888272457
0 0.3080941176470588 0.8204001598224195 0.05058235294117652 0.031352660007399225
0 0.26406666666666667 0.7492027998520162 0.019315686274509858 0.057422798372179146
0 0.2171450980392157 0.7473874065852756 0.019550980392156858 0.058222904920458805
0 0.17690588235294116 0.779837182389937 0.04404901960784313 0.030910176840547445
0 0.23925686274509805 0.8242976485386608 0.034519607843137234 0.03205275323714406
0 0.2106921568627451 0.8587840591934888 0.020986274509803893 0.05314647132815394
0 0.16371176470588233 0.8705765386607472 0.022247058823529398 0.0359441805401407
0 0.11827647058823529 0.8223458734739179 0.043809803921568635 0.03169816056233823
2 0.12454901960784315 0.9579942404735479 0.11199999999999999 0.03345597040325577
2 0.769370588235294 0.9493961257861635 0.1201333333333332 0.03576233814280437