2 0.20008627450980393 0.3755409189789123 0.18908235294117648 0.040669052164261955
2 0.17243529411764705 0.8591719896411394 0.18631568627450984 0.039453738808731015
2 0.4459745098039215 0.8475855982241952 0.18322745098039217 0.04137520680725123
2 0.7450882352941176 0.8473613259341473 0.09852156862745098 0.039453738808731015
2 0.8118450980392157 0.3771805312615612 0.1919215686274509 0.04099333777284498
1 0.8116607843137255 0.1786662167961524 0.017917647058823594 0.033552953015168335
1 0.7664039215686274 0.1431614887162412 0.022533333333333294 0.026967227524972232
0 0.6030235294117647 0.11091477025527192 0.0625529411764707 0.03144358120606735
0 0.5420960784313725 0.18506706918238994 0.021607843137254834 0.10926000443951168
0 0.41995294117647064 0.23318862893081757 0.01955294117647055 0.1009134384017758
0 0.39060392156862744 0.23576776026637067 0.019399999999999973 0.10303493303736584
0 0.32573137254901957 0.23326439659637438 0.018911764705882406 0.10258032704402519
0 0.2026313725490196 0.18271827155012949 0.026221568627450953 0.11517291305956345
0 0.1476607843137255 0.11902191046984832 0.058482352941176485 0.037044327044025153