2 0.6628215686274509 0.7352767029226785 0.3883882352941177 0.039653765445801015
2 0.2469 0.73618591490936 0.3670019607843138 0.039450708102108795
1 0.7084529411764706 0.33646904920458753 0.02812549019607835 0.038062644469108356
1 0.694635294117647 0.3703796256011838 0.022474509803921627 0.03915066814650388
1 0.6500470588235293 0.4209166585275619 0.024364705882352844 0.04192982611912689
1 0.6176647058823529 0.37317090640029593 0.026331372549019516 0.03745044173140947
1 0.7098666666666666 0.5428571394746577 0.02781568627450981 0.03584113651498331
1 0.653464705882353 0.5795589966703663 0.02570392156862744 0.040081095079541176
1 0.6190803921568627 0.536910893081761 0.026021568627450975 0.03608359304476509
1 0.28304117647058824 0.3395512778394376 0.029884313725490164 0.03573506178320387
1 0.1903313725490196 0.3618754628190899 0.028168627450980366 0.0367018571957085
1 0.1935098039215686 0.23259764113947468 0.024321568627450996 0.039032470588235293
1 0.2230666666666667 0.2824042737698853 0.022982352941176454 0.040356889382167985
1 0.2622 0.23635874805771365 0.02509803921568632 0.039271896411394766
1 0.2801764705882353 0.21681978246392894 0.02964705882352936 0.03538956122826487
1 0.2278941176470588 0.1043441982981872 0.025572549019607815 0.04099333777284498