0 0.8209803920898437 0.10971157962264151 0.8207843139648437 0.10213481283018869 0.8194117646484375 0.09819489433962264 0.8135294116210937 0.09092119849056604 0.81235294140625 0.0851628558490566 0.8105882353515625 0.08273829056603774 0.8078431372070313 0.08455671471698113 0.8092156860351563 0.08819356301886792 0.8090196079101563 0.0897089162264151 0.8039215688476562 0.09910410641509433 0.8031372548828125 0.1033470958490566 0.803725490234375 0.11243921584905661 0.8070588237304688 0.11880369962264152 0.8103921567382812 0.12092519396226416 0.8149019609375 0.12001598188679245 0.8180392158203125 0.1178944875471698 0.8209803920898437 0.10971157962264151
0 0.7980058823529411 0.15419326082130966 0.00021960784313734827 0.00035459267480579033
0 0.8241176469726562 0.1612335924528302 0.8250980390625 0.15395989660377357 0.8235294116210937 0.14729234188679244 0.8217647060546875 0.14395856452830189 0.81764705859375 0.14032171698113208 0.8141176469726562 0.14032171698113208 0.808627451171875 0.14395856452830189 0.806274509765625 0.15244454339622643 0.8043137255859375 0.15456603773584907 0.8101960786132812 0.16790114716981133 0.8145098037109375 0.17184106566037735 0.8219607841796875 0.16608272301886792 0.8241176469726562 0.1612335924528302
0 0.8168627451171875 0.21790780603773585 0.8182352939453125 0.2203323713207547 0.8203921567382813 0.21699859396226417 0.8189543139648437 0.21477617735849058 0.8194117646484375 0.19942049584905658 0.8219607841796875 0.19699593056603773 0.8250980390625 0.19002530490566036 0.8249019609375 0.18184239698113208 0.821176470703125 0.17396256000000002 0.8141176469726562 0.1721441358490566 0.8103921567382812 0.1757809841509434 0.8078431372070313 0.18214546792452832 0.80745098046875 0.18578231622641508 0.81 0.19608671849056605 0.81254901953125 0.1976020716981132 0.8164705883789063 0.20305734339622641 0.8172549018554688 0.21245253433962266 0.8168627451171875 0.21790780603773585
1 0.8027450981445312 0.3394391418867925 0.8105882353515625 0.32792245660377356 0.8105882353515625 0.3224671849056604 0.8001960786132812 0.30761672226415093 0.7968627451171875 0.30943514641509434 0.79 0.3209518309433962 0.7898039213867187 0.32792245660377356 0.7992156860351562 0.3497435441509434 0.7990196079101562 0.35913873509433963 0.8001960786132812 0.36095715849056603 0.801176470703125 0.3433790603773585 0.8027450981445312 0.3394391418867925
0 0.821176470703125 0.4500599335849057 0.8284313725585938 0.4497568626415095 0.8315686274414062 0.44612001509433963 0.83254901953125 0.44218009584905665 0.8319607841796876 0.4315726226415094 0.8294117646484375 0.4267234920754717 0.8247058823242187 0.42399585660377354 0.8209803920898437 0.4252081388679246 0.8178431372070313 0.43217876452830184 0.8084313725585938 0.4358156120754717 0.7998039213867187 0.4358156120754717 0.7996078432617187 0.44248316679245286 0.8001960786132812 0.4443015909433962 0.8047058823242188 0.44005860150943393 0.8117647060546875 0.43945246037735847 0.816274509765625 0.4415739547169812 0.821176470703125 0.4500599335849057
0 0.8498039213867188 0.43914938943396226 0.85235294140625 0.44763536830188677 0.8558823530273437 0.45127221584905663 0.8598039213867188 0.4527875690566038 0.8631372548828125 0.45157528679245285 0.8672549018554687 0.44702922641509435 0.8692156860351562 0.44248316679245286 0.8705882353515625 0.43460332981132077 0.86745098046875 0.4252081388679246 0.8629411762695313 0.4197528671698113 0.8621568627929688 0.4170252309433963 0.86254901953125 0.41460066566037734 0.8615686274414063 0.41247917132075473 0.8619607841796875 0.40763004075471704 0.861176470703125 0.40399319245283016 0.8619607841796875 0.4009624860377359 0.8594117646484375 0.397325638490566 0.8556862744140625 0.3979317796226415 0.8541176469726562 0.4009624860377359 0.8570588237304687 0.4049024045283019 0.8580392158203125 0.41490373660377355 0.856274509765625 0.42066207924528304 0.8521568627929688 0.4255112098113208 0.8501960786132813 0.4327849056603774 0.8498039213867188 0.43914938943396226
0 0.8294117646484375 0.5558315947169811 0.8292156860351563 0.5609837954716982 0.8315686274414062 0.563408360754717 0.8341176469726562 0.5624991494339623 0.8352941176757812 0.5606807252830189 0.8315686274414062 0.5543162415094339 0.8315686274414062 0.5331012950943396 0.83235294140625 0.5303736588679245 0.8380392158203125 0.5224938218867924 0.838627451171875 0.5143109139622641 0.83764705859375 0.5097648535849056 0.8349019609375 0.5043095818867924 0.831372548828125 0.5021880875471698 0.8278431372070313 0.5027942286792453 0.823725490234375 0.5055218649056603 0.8215686274414062 0.5146139841509434 0.821176470703125 0.5194631147169811 0.8221568627929687 0.5227968920754716 0.8265358823242187 0.5292622988679245 0.8280392158203125 0.5355258603773585 0.8280392158203125 0.5494671109433962 0.8294117646484375 0.5558315947169811
0 0.7084313725585938 0.49127754339622637 0.7080392158203125 0.48430691849056606 0.7070588237304688 0.48067007018867924 0.703725490234375 0.47703322264150944 0.7001960786132813 0.47612401056603776 0.6958823530273438 0.4767301516981132 0.69235294140625 0.48067007018867924 0.6896078432617188 0.4858222716981132 0.688823529296875 0.4879437660377358 0.691372548828125 0.49794509811320753 0.6956862744140625 0.5024911577358491 0.7033333334960937 0.5024911577358491 0.7072549018554688 0.4976420271698113 0.7084313725585938 0.49127754339622637
0 0.6654901962890625 0.49188368452830195 0.6650980390625 0.49552053283018865 0.6684313725585938 0.49703588603773585 0.6698039213867187 0.49521746188679244 0.6709803920898437 0.49097447245283016 0.6680392158203124 0.48915604905660376 0.6654901962890625 0.49188368452830195
0 0.6980392158203125 0.557043876981132 0.6998039213867188 0.5573469479245283 0.7017647060546875 0.5537100996226415 0.703725490234375 0.538859637735849 0.7080392158203125 0.5327982241509434 0.708627451171875 0.5306767298113207 0.7094117646484375 0.5258275992452831 0.7090196079101563 0.520675397735849 0.7064705883789062 0.5137047728301887 0.7033333334960937 0.5106740656603774 0.6992156860351563 0.510067924528302 0.6956862744140625 0.5118863486792453 0.6933333334960937 0.5158262671698113 0.6917647060546875 0.5221907509433962 0.6921568627929687 0.5303736588679245 0.6960784311523438 0.5364350724528302 0.698823529296875 0.5427995562264152 0.6992156860351563 0.5470425456603774 0.6960784311523438 0.5546193116981132 0.6980392158203125 0.557043876981132
0 0.6044254901960784 0.436139897891232 0.00021960784313734827 0.00035459267480583326
0 0.6117647060546875 0.4558182762264151 0.6107843139648438 0.44945379245283024 0.6092156860351563 0.4458169441509434 0.6031372548828124 0.43945246037735847 0.6041176469726562 0.4282388460377359 0.6039215688476562 0.4197528671698113 0.60254901953125 0.4112668883018868 0.6005882353515625 0.41187303018867927 0.598627451171875 0.41460066566037734 0.6015686274414063 0.4176313728301887 0.6021568627929688 0.4385432483018868 0.601176470703125 0.44218009584905665 0.5966666665039062 0.44612001509433963 0.5947058823242187 0.4491507215094339 0.5943137255859375 0.45157528679245285 0.5941176469726562 0.45672748830188675 0.5950980390625 0.46187968905660376 0.5992156860351563 0.4685472437735849 0.6058823530273437 0.4697595267924528 0.6109803920898438 0.4633950422641509 0.6117647060546875 0.4558182762264151
0 0.5901960786132813 0.49430824981132077 0.5915686274414063 0.49824816905660374 0.5960784311523437 0.5015819456603774 0.60254901953125 0.5034003698113207 0.6068627451171875 0.498551239245283 0.6090196079101563 0.4876406958490566 0.6056862744140625 0.4773362928301887 0.60235294140625 0.4746086573584906 0.598823529296875 0.4743055864150943 0.5950980390625 0.476427080754717 0.5905882353515625 0.48370077660377364 0.58764705859375 0.4858222716981132 0.5849019609375 0.48430691849056606 0.5827450981445312 0.48703455396226414 0.5768627451171875 0.4882468369811321 0.5754901962890625 0.4906714022641509 0.5750980390625 0.494611320754717 0.5780392158203125 0.49521746188679244 0.5801960786132813 0.4897621901886792 0.5819607841796876 0.4885499071698113 0.5850980390625 0.49188368452830195 0.5901960786132813 0.49430824981132077
0 0.598823529296875 0.5637114316981132 0.60254901953125 0.5637114316981132 0.6043137255859375 0.5606807252830189 0.6001960786132813 0.5540131705660377 0.6005882353515625 0.5327982241509434 0.6066666665039062 0.5261306694339623 0.6082352939453125 0.5155231962264151 0.6056862744140625 0.5073402883018867 0.60235294140625 0.5018850166037736 0.5984313725585938 0.5018850166037736 0.5952941176757812 0.5034003698113207 0.5919607841796874 0.5103709954716982 0.5909803920898438 0.5155231962264151 0.5907843139648438 0.5191600445283019 0.5919607841796874 0.5258275992452831 0.5966666665039062 0.5315859418867924 0.5978431372070313 0.5379504256603773 0.59745098046875 0.5434056973584906 0.598823529296875 0.5637114316981132
0 0.4156862744140625 0.45309064 0.41647058837890627 0.4467261562264151 0.4156862744140625 0.43914938943396226 0.4131372548828125 0.4339971886792453 0.4103921567382813 0.4315726226415094 0.408627451171875 0.42732963396226414 0.4080392158203125 0.41823751396226416 0.40411764697265623 0.41823751396226416 0.4043137255859375 0.4215712913207547 0.40647058837890626 0.4246019977358491 0.4049019609375 0.4306634113207547 0.3992156860351562 0.43945246037735847 0.398627451171875 0.44248316679245286 0.3992156860351562 0.44945379245283024 0.40294117626953124 0.45672748830188675 0.4054901962890625 0.4579397705660378 0.41156862744140627 0.4579397705660378 0.4156862744140625 0.45309064
0 0.40039215673828127 0.4927928966037736 0.40352941162109374 0.49097447245283016 0.4056862744140625 0.4876406958490566 0.40843137255859374 0.4815792822641509 0.408627451171875 0.4794577879245283 0.4080392158203125 0.4736994452830188 0.4052941176757813 0.4703656679245283 0.401176470703125 0.4664257494339623 0.39725490185546874 0.4664257494339623 0.393725490234375 0.4685472437735849 0.39 0.47551786867924534 0.38 0.480367 0.38019607861328125 0.48491305962264153 0.38745098046875 0.48188235320754713 0.39098039208984375 0.485519200754717 0.3945098037109375 0.49127754339622637 0.39705882373046875 0.4927928966037736 0.40039215673828127 0.4927928966037736
0 0.39607843115234376 0.5437087683018869 0.39745098046875 0.5528008875471698 0.40098039208984376 0.5521947464150944 0.401176470703125 0.5494671109433962 0.39843137255859373 0.5470425456603774 0.3982352939453125 0.5355258603773585 0.3994117646484375 0.5309798 0.4045098037109375 0.5249183871698113 0.4052941176757813 0.5203723267924528 0.4049019609375 0.5124924898113208 0.40352941162109374 0.5085525713207547 0.40019607861328127 0.5040065109433962 0.39470588232421877 0.5024911577358491 0.39235294140625 0.5043095818867924 0.388627451171875 0.5112802075471699 0.38764705859375 0.5155231962264151 0.3884313725585937 0.5234030339622642 0.38980392138671877 0.5267368113207548 0.39588235302734376 0.5331012950943396 0.39647058837890625 0.5358289305660378 0.39607843115234376 0.5437087683018869
0 0.2994117646484375 0.45066607471698117 0.3021568627929688 0.45369678113207546 0.30588235302734373 0.4552121343396226 0.311372548828125 0.4539998520754717 0.3143137255859375 0.4497568626415095 0.31529411767578125 0.44339237886792454 0.3150980390625 0.43733096528301885 0.3143137255859375 0.4349064 0.30843137255859376 0.42702656301886793 0.30647058837890623 0.41490373660377355 0.30411764697265625 0.4139945245283019 0.3021568627929688 0.41490373660377355 0.3043137255859375 0.42308664452830186 0.3030719609375 0.42682441509433966 0.29901960791015625 0.4324818347169811 0.29705882373046877 0.43914938943396226 0.29725490185546877 0.44308930792452833 0.2994117646484375 0.45066607471698117
0 0.31901960791015627 0.48097314113207545 0.31392156884765626 0.47066873811320753 0.3105882353515625 0.466122678490566 0.30098039208984373 0.4670318905660378 0.29901960791015625 0.4752147984905661 0.298823529296875 0.4812762113207547 0.29960784326171874 0.485519200754717 0.30235294140625 0.4897621901886792 0.3056862744140625 0.4915806143396227 0.311372548828125 0.49127754339622637 0.31901960791015627 0.48097314113207545
0 0.3245098037109375 0.47824550490566037 0.3229411762695312 0.4794577879245283 0.32254901953125 0.4812762113207547 0.3233333334960938 0.48430691849056606 0.3245098037109375 0.4858222716981132 0.32588235302734375 0.48491305962264153 0.32666666650390624 0.480367 0.3245098037109375 0.47824550490566037
0 0.31470588232421876 0.5261306694339623 0.31745098046875 0.5155231962264151 0.3143137255859375 0.5079464301886792 0.3105882353515625 0.5043095818867924 0.3068627451171875 0.5043095818867924 0.30294117626953126 0.5073402883018867 0.30019607861328124 0.5118863486792453 0.29980392138671874 0.5149170550943396 0.30019607861328124 0.5227968920754716 0.30352941162109376 0.5297675177358491 0.30588235302734373 0.5312828709433962 0.30764705859375 0.5424964852830189 0.30843137255859376 0.5391627079245283 0.31470588232421876 0.5261306694339623
0 0.30745098046875 0.5446179803773585 0.30745098046875 0.550376322264151 0.31156862744140623 0.5506793932075472 0.31254901953125 0.5497701811320754 0.3129411762695313 0.5467394747169811 0.31078431396484374 0.5437087683018869 0.30745098046875 0.5446179803773585
0 0.211378431372549 0.439834329263781 0.01946470588235294 0.06048684276729563
0 0.21854313725490193 0.49003495375508693 0.03441764705882355 0.027588522382537912
0 0.21342549019607843 0.529588705882353 0.022319607843137246 0.048197327413984414
0 0.13602941176470587 0.44496228486866446 0.023258823529411776 0.06019892563817985
0 0.1220392156862745 0.4893621368849426 0.0442921568627451 0.02816132593414724
0 0.13277254901960783 0.5314586518682944 0.01984705882352944 0.05673179726230115
1 0.707792156862745 0.3714979563448021 0.02330196078431368 0.059035134295227526
1 0.6794392156862744 0.37178587347391784 0.02243529411764711 0.06152637513873476