2 0.12885667215815486 0.2475943098081296 0.15921581548599667 0.029965117554406968
2 0.2990313014827018 0.24326395665304912 0.15746622734761118 0.036092451484002135
2 0.4722602965403624 0.24717285297699343 0.16407578253706756 0.029117572498385893
2 0.6396309719934101 0.2477008318643508 0.15596375617792413 0.02806161472367112
2 0.810154859967051 0.24648740670217856 0.15716309719934096 0.02880263772347099
2 0.8112059308072488 0.480882244326373 0.15626029654036255 0.03680568612130953
2 0.6395980230642504 0.4844252605441661 0.15664909390444803 0.028033826361178564
2 0.4689225700164745 0.4846336732628599 0.1551466227347611 0.028459914586063534
2 0.2980626029654036 0.4811462337700518 0.15703130148270183 0.036277707233952065
2 0.12701482701812192 0.4815676906011879 0.15628995057660627 0.03712525228997313
2 0.21332125205930805 0.7220713365799825 0.32589126853377265 0.028802637723470834
2 0.471667215815486 0.7227058375235612 0.15987808896210876 0.025843177118020217
2 0.729512355848435 0.7196398548618892 0.33346952224052706 0.03450851482192997
2 0.8133838550247117 0.9595923649845827 0.1591103789126853 0.02720017548640377
2 0.5536112026359143 0.9573692959851832 0.3237726523887974 0.03333214080974772
2 0.20903130148270177 0.9618617479214697 0.3188171334431631 0.0243472369371742