0 0.08725859788359788 0.04707387864706606 0.025105820105820104 0.01994224046207629
0 0.08967261904761904 0.15252455504165488 0.023898809523809517 0.020479592353737357
0 0.3047255291005291 0.04522557343350777 0.025383597883597897 0.01941415325820251
0 0.30370701058201055 0.15176948298699325 0.028627645502645516 0.016857099428918856
0 0.08982473544973545 0.3084214564378723 0.024199735449735443 0.021498708010335935
0 0.3020072751322751 0.3066241070071439 0.025985449735449695 0.01579166033338403
0 0.3044973544973545 0.4087950839250429 0.029457671957671905 0.01612055674983166
0 0.09027777777777778 0.40911008330980964 0.025105820105820104 0.01886753667875422
0 0.08941137566137565 0.5725808669721119 0.02563492063492062 0.019173271375733724
0 0.30166997354497355 0.5710521934872139 0.026061507936507966 0.01716746646979203
0 0.2966137566137566 0.6695636187291454 0.03556878306878308 0.01969209389182024
0 0.11748015873015874 0.7022864959937463 0.021405423280423275 0.022772602581084177
0 0.1154431216931217 0.7610014548455041 0.024877645502645512 0.01864055182796643
0 0.11574404761904761 0.879390267735001 0.025479497354497338 0.018626654796285492
0 0.37464285714285717 0.816923110329403 0.025618386243386193 0.02265679398374325
0 0.3750595238095238 0.8764811557698013 0.024183201058201043 0.020210916407906912
0 0.5160482804232804 0.8168675222026796 0.02469576719576727 0.01937709450705355
0 0.5167294973544972 0.8754249813620538 0.02454365079365073 0.01809856759241179
0 0.7033498677248676 0.8789131363139571 0.02500992063492058 0.01873319870583892
0 0.702744708994709 0.7738515768064331 0.02380291005291002 0.020020990308267865
0 0.7030489417989417 0.713390224306777 0.0213888888888889 0.01749636288623966
0 0.8466468253968255 0.8787046808387438 0.026365740740740717 0.018320920099305832
0 0.8455919312169312 0.7129640486685629 0.02123677248677258 0.016639379265918172
0 0.7325198412698412 0.4869658871300458 0.02524801587301595 0.02130414956680353
0 0.7314252645502645 0.411745886985285 0.026832010582010568 0.01778820055153838
0 0.7333862433862434 0.2276611729963303 0.02471891534391535 0.0206602537655889
0 0.7317261904761904 0.1515610275117799 0.02743716931216933 0.016444820822385808
0 0.7337665343915343 0.04480866248308109 0.02396494708994701 0.01858033135734915
0 0.8758862433862433 0.045443293596508366 0.025231481481481577 0.0198495935842037
0 0.8753968253968253 0.1510329403079061 0.028022486772486754 0.017500995230133407
0 0.8755092592592592 0.304771169449692 0.025985449735449695 0.019483638416606976
0 0.874454365079365 0.4107962564870909 0.026891534391534355 0.018010553058432736
0 0.8752447089947089 0.5667163196027766 0.024702380952380976 0.01907135981007389
0 0.5738591269841269 0.06261076006630041 0.025618386243386304 0.019307609348649023
0 0.4325297619047619 0.06313884727017423 0.025181878306878347 0.018246802597007793
2 0.12305555555555556 0.9585153337820915 0.1019775132275132 0.02361105682583098
2 0.2653637566137566 0.9583068783068782 0.09984788359788355 0.023184881187617266
2 0.40804232804232804 0.9580428347049412 0.10071428571428576 0.023717600735384717
2 0.5509193121693121 0.9580937904877712 0.10047288359788364 0.02276333789329699
2 0.6937665343915342 0.957621291410621 0.10092592592592586 0.02286988180285042
2 0.835813492063492 0.957621291410621 0.10053240740740743 0.02286988180285042
0 0.5181712962962963 0.1841217727401038 0.025925925925925908 0.013910928712570297
0 0.3765773809523809 0.1841217727401038 0.02722552910052911 0.013910928712570297