1 0.2583053636064495 0.20777607030708464 0.006617308325106985 0.03671513395729515
1 0.2587857847976308 0.3683833599630915 0.007193155643303695 0.03237064100259067
1 0.27807831523527476 0.35896720412416366 0.025347153668970113 0.010833442453149223
1 0.38080618624547546 0.36938379757313006 0.00644619940769986 0.033834244172832234
1 0.39736097400460674 0.35896720412416366 0.02452451464297467 0.010833442453149223
1 0.42513326752221126 0.3611116606679037 0.02417242513984863 0.009152151469612064
1 0.6136064494899638 0.2052749762819882 0.005613688713392628 0.03605280720620475
1 0.7012207963145772 0.23650159835087733 0.025876933201711028 0.010064587623212079
1 0.6367522211253701 0.3591848919374591 0.025307666995722178 0.009091939946785678
1 0.6143566962816716 0.3688418938676925 0.007502467917078093 0.03274580510635502
1 0.6223889437314907 0.5614539237337296 0.00930240210595601 0.04250007180423109
1 0.4144488318525831 0.5687487813069274 0.007045080618624522 0.09778351307006618
1 0.23168805528134256 0.5620514073063915 0.009276077657124071 0.036099123762225106
1 0.15870023033892727 0.4995240566789808 0.02481737413622903 0.01141703105900494
1 0.158390918065153 0.45020155617295887 0.025745310957551837 0.013695805615204
1 0.15923988153998025 0.4269784349843784 0.025896676538334995 0.01066207119587398
1 0.16118789075353734 0.3651504643528743 0.023237907206317854 0.01017574735766078
1 0.14034879894702204 0.33693905008090697 0.006620598881210915 0.03622417846347999
1 0.21840408028956895 0.33900013682381047 0.023185258308654144 0.00996269119996745
1 0.3074860151365581 0.33799969921377193 0.02325106943073374 0.010671334507078052
1 0.144820664692333 0.23018865176530987 0.01864758144126355 0.024019765952129766