2 0.11841923583369282 0.9591886482754909 0.12613030196074443 0.02475226950147745
2 0.7499367119148634 0.9570537939742407 0.12657981117346592 0.02582201211229905
2 0.11908027879357722 0.6603738789860002 0.12554858415604617 0.023469504552570176
2 0.13167975760897405 0.3333058643777981 0.15074423657204036 0.02185331333535482
0 0.18946813316206895 0.07760033302829858 0.02296463242638432 0.02522925430197354
1 0.354282669135249 0.18154134125293075 0.010943566200886417 0.23444960674486312
1 0.7104228689877731 0.5258502724848935 0.009376894385960361 0.2357879427384885
1 0.4173131153602272 0.585084375233892 0.010077599923437772 0.09485514241323864
1 0.12996765634287344 0.5844175226972759 0.009899118324268992 0.06410583100261004
1 0.20697916116940693 0.8321022999258102 0.009317400519570713 0.2265261019521546
1 0.18698591684770302 0.8329682820393326 0.01036845882578694 0.22692899202635988
0 0.18961686782804296 0.4017786533111646 0.024217308835365294 0.030434408823893137