2 0.12851632047477746 0.24758301572505823 0.15807781074843386 0.027051242912326575
2 0.2994032311242994 0.2474301838441976 0.1584569732937685 0.026745579150605346
2 0.473043191559512 0.24654098017373594 0.16434223541048465 0.02728280636817592
2 0.7253972964061985 0.2466938120545965 0.32546323771843055 0.027593101399014112
2 0.8126706231454006 0.48352765215912574 0.15751401252884945 0.027116080679964388
2 0.6418694362017804 0.48383331592084694 0.16005275304978572 0.027732039472523732
2 0.47087042532146395 0.48469010070748964 0.15944939004286196 0.027903396429852376
2 0.300342894823607 0.48438443694576855 0.15923508077810744 0.027282806368175996
2 0.12874052093636665 0.48743181202474656 0.15852621167161224 0.021799383733662296
2 0.12692713484998353 0.7224177757515975 0.15599736234751072 0.02690304230058288
2 0.29847345862182656 0.7219175986869628 0.15549950544015823 0.026671478844733535
2 0.47353775140125287 0.7217230853840493 0.16423343224530162 0.02706050545056057
2 0.6447312891526542 0.7211441767444258 0.16357731618859206 0.028218322729807604
2 0.8143455324760962 0.9587097573694391 0.16031322123310243 0.026889148493232082
2 0.6405209363666338 0.9588996394032356 0.15570392350807793 0.026500121887405047
2 0.4694625783053083 0.9597888430736973 0.15608638311902412 0.025962894669834393
2 0.2982492581602374 0.9597888430736973 0.1550511045169799 0.025962894669834393
2 0.1272007912957468 0.9600991381045355 0.15544345532476095 0.026578853462393737