2 0.12384259259259259 0.957783423446898 0.10025793650793652 0.024523628572876207
2 0.2659160052910053 0.9571673217090453 0.09926917989417994 0.02576046439247547
2 0.5513029100529101 0.9574128359354077 0.10329695767195757 0.02625612518909386
2 0.8374173280423279 0.9569171751387894 0.10170965608465599 0.025264803595857074
0 0.8328736772486772 0.7299601184142908 0.024649470899470893 0.020238710471268472
0 0.8324305555555555 0.8756195398055863 0.025529100529100512 0.019715255611288517
0 0.5425859788359788 0.848168269891936 0.02406415343915347 0.019228859502457313
0 0.5433796296296296 0.7213578558038202 0.02388888888888885 0.02159135488820866
0 0.6641369047619047 0.7163410273670192 0.025284391534391437 0.01773261242481495
0 0.7080555555555554 0.7165263211227644 0.02219246031746036 0.01934003575590449
0 0.6625496031746031 0.5680180082368864 0.02563822751322742 0.0215959872321021
0 0.5157936507936508 0.584402608588655 0.01903439153439157 0.01850158151115738
0 0.5158829365079365 0.4661805600793289 0.02450727513227502 0.009598216547601
0 0.6622387566137565 0.40880898095672374 0.024136904761904665 0.018510846198944723
0 0.6638723544973545 0.30457197866226593 0.026521164021164 0.02026187219073675
0 0.5156183862433862 0.32556576118819613 0.022212301587301697 0.01773724476870854
0 0.5157506613756614 0.2697413849260634 0.026891534391534355 0.018612757764604557
0 0.5133234126984126 0.06003054451754862 0.024685846560846603 0.01964113810899036
0 0.6584887566137566 0.06614987080103359 0.024580026455026438 0.0182792290042632
0 0.6619312169312169 0.14714177143725707 0.022638888888888875 0.019502167792181467
0 0.08879629629629629 0.7771868644098466 0.028402777777777777 0.02565855282681548
0 0.11770502645502645 0.676224929248185 0.023541666666666683 0.02283282305170136
0 0.23263888888888887 0.5476727538560644 0.02741402116402114 0.021711795829442868
0 0.11783730158730157 0.5053238659805006 0.02116071428571431 0.022337162255082966
0 0.2566931216931217 0.37832352579274603 0.025205026455026425 0.018135626343560692
0 0.2585449735449735 0.2724142473526879 0.027146164021163988 0.020257239846843158
1 0.4932738095238095 0.4178142574859401 0.011068121693121658 0.04888975745336899