0 0.16308429752066117 0.04607195396321127 0.024423140495867746 0.01901411629037547
0 0.4641685950413223 0.07935360369017876 0.02386115702479341 0.02006531073701823
0 0.2951636363636364 0.3096485421306712 0.024558677685950436 0.01675891058326076
0 0.4646578512396694 0.29543657844456256 0.024085950413223145 0.01897706979005323
0 0.2950512396694215 0.5226196108579892 0.02357685950413224 0.016842265208985702
0 0.46469421487603313 0.5079445659178529 0.02340826446280997 0.019190087166905914
0 0.2962578512396694 0.6635398672711446 0.0259900826446281 0.0165366315813275
0 0.1596495867768595 0.7647647985890493 0.025857851239669438 0.01609670439000111
0 0.2948231404958678 0.7719564504640989 0.024634710743801636 0.01779621259228277
0 0.5675636363636365 0.7447504267899743 0.02470743801652886 0.01727293077523136
0 0.7165388429752068 0.07781154311426666 0.025444628099173583 0.01803701484437712
0 0.8029190082644628 0.2618909724027993 0.024704132231404996 0.02268171982227452
0 0.8063140495867769 0.5438750404178586 0.023947107438016424 0.0191947179794462
2 0.8380694214876033 0.9572121061378618 0.10103471074380166 0.02268171982227452
2 0.5502876033057851 0.9576335100790269 0.10029752066115694 0.023524527704604684
2 0.40827768595041325 0.9586383964002669 0.10066776859504134 0.02236219375699545
2 0.12449256198347107 0.959059800341432 0.10037355371900827 0.02320963245186606