2 0.26683949801849405 0.961608657099944 0.12475231175693524 0.022032464124789566
2 0.5518361955085865 0.961608657099944 0.12535997357992068 0.022032464124789566
2 0.8502807133421401 0.9600660140062611 0.11527080581241744 0.024089321583033306
2 0.8373976221928665 0.6422676390220952 0.12342800528401576 0.02385306092904582
2 0.6951519154557464 0.6421379272904942 0.12408520475561424 0.026169341850491287
2 0.5523546895640686 0.6415634896219757 0.1236426684280052 0.026299053582092304
2 0.26729524438573316 0.6494064168219902 0.12382760898282696 0.023982772660646683
2 0.12454755614266842 0.6504997014169125 0.12256274768824307 0.02488148965816753
2 0.26784676354029063 0.4945028139194007 0.12492734478203438 0.024140279763305007
2 0.12463672391017172 0.4947622373826026 0.12458058124174376 0.02465449412786602
2 0.24057133421400265 0.32329722589167764 0.06946499339498019 0.02384379580536
2 0.551664464993395 0.3244553663524004 0.12501321003963017 0.023584372342158114
1 0.4718593130779392 0.202785762110711 0.010326948480845477 0.24326045493204967
1 0.7503896961690885 0.2040087584372342 0.009927344782034275 0.2418475235699679
1 0.18313077939233818 0.17734373246955354 0.010511889035667132 0.08948256455728276
1 0.7508553500660502 0.7538382584462823 0.009022457067371148 0.02191665007871743
1 0.5279722589167768 0.7094027252492717 0.008863936591809729 0.050087258645337536