2 0.11214305555555555 0.24597037037037037 0.05808194444444445 0.01527407407407407
2 0.26927222222222225 0.24522962962962966 0.057526388888888835 0.013792592592592579
2 0.3828347222222222 0.2451074074074074 0.06335416666666671 0.013546296296296298
2 0.5293805555555555 0.24436666666666665 0.07727916666666657 0.014535185185185151
2 0.6934180555555555 0.24526481481481485 0.03590972222222222 0.013244444444444467
2 0.7170013888888889 0.4679796296296297 0.03539166666666671 0.014229629629629592
2 0.49693055555555554 0.467762962962963 0.08738055555555557 0.015649999999999942
2 0.2233 0.48680555555555555 0.07761805555555557 0.013609259259259302
2 0.12793055555555555 0.9273537037037037 0.06280416666666666 0.014459259259259246
2 0.25868888888888886 0.9246685185185185 0.06274861111111107 0.01341111111111104
2 0.4206375 0.9279703703703704 0.036647222222222275 0.013225925925925827
2 0.5502597222222222 0.9279092592592592 0.03477916666666658 0.014337037037037112
2 0.6804986111111111 0.9283111111111112 0.03692361111111109 0.014522222222222325
2 0.8481124999999999 0.9375685185185185 0.03650416666666656 0.013285185185185178