2 0.08785555555555555 0.69175 0.08311944444444447 0.022266666666666584
2 0.09017083333333334 0.8424166666666667 0.0877486111111111 0.013720370370370402
2 0.09499444444444446 0.9668592592592593 0.06591388888888888 0.02063333333333321
2 0.21572777777777777 0.9639907407407408 0.07219583333333329 0.02291851851851856
2 0.3452791666666667 0.9552555555555555 0.1086138888888889 0.02952407407407402
2 0.21195416666666667 0.8285092592592592 0.07529722222222224 0.022325925925925933
2 0.3366458333333333 0.8130777777777777 0.08995833333333336 0.030970370370370464
2 0.48225277777777775 0.9674796296296297 0.07098749999999998 0.019405555555555527
2 0.4754513888888888 0.8217722222222221 0.06941944444444448 0.022433333333333454
2 0.4774819444444444 0.6778537037037037 0.11422361111111112 0.02287037037037039
2 0.34515277777777775 0.6704166666666667 0.11298888888888892 0.02589444444444459
2 0.22153888888888887 0.6588444444444445 0.09169027777777777 0.024353703703703673
2 0.21887777777777778 0.5579185185185186 0.09145833333333331 0.023738888888888827
2 0.3466486111111111 0.5546777777777778 0.06366805555555555 0.022812962962962906
2 0.4788 0.5391851851851851 0.10899027777777781 0.025162962962962904
2 0.5993347222222222 0.5219666666666666 0.09126111111111102 0.016648148148148117
2 0.6007708333333334 0.4111259259259259 0.08209861111111105 0.01410370370370373
2 0.4783236111111111 0.4073296296296296 0.11220277777777787 0.023175925925925878
2 0.34392777777777783 0.4113092592592593 0.083225 0.025583333333333364
2 0.21883611111111112 0.41235925925925926 0.08119027777777776 0.021509259259259245
2 0.22464583333333338 0.27219814814814813 0.093275 0.020816666666666633
2 0.3527638888888889 0.27670370370370373 0.09071388888888887 0.021185185185185196
2 0.47553333333333336 0.27025370370370366 0.11403055555555563 0.021248148148148127
2 0.4741916666666667 0.1305148148148148 0.1252333333333333 0.023249999999999993
2 0.33584861111111114 0.12745925925925924 0.07876527777777775 0.023929629629629634
2 0.22130694444444446 0.12610000000000002 0.10326388888888888 0.023683333333333317
2 0.6069333333333333 0.13553333333333334 0.07312777777777768 0.02155925925925924
2 0.7229680555555555 0.1063074074074074 0.07880694444444436 0.014342592592592593