2 0.2091625 0.9732981481481482 0.08475694444444443 0.02235925925925919
1 0.20504166666666665 0.793612962962963 0.01606944444444447 0.0201351851851852
1 0.2551777777777778 0.8194240740740741 0.014454166666666657 0.022155555555555633
1 0.3140833333333333 0.7641555555555555 0.015583333333333282 0.02153703703703691
1 0.32869305555555556 0.8502277777777777 0.014784722222222269 0.021755555555555677
1 0.3876958333333333 0.8483222222222221 0.015263888888888855 0.019635185185185183
1 0.4519416666666667 0.8398074074074074 0.016926388888888866 0.021772222222222304
1 0.4797708333333333 0.7625907407407407 0.01436527777777774 0.02178703703703692
1 0.5434847222222222 0.7084425925925926 0.016954166666666604 0.020025925925925964
1 0.6945097222222223 0.7129703703703704 0.015038888888888824 0.022318518518518477
1 0.7971763888888889 0.6717759259259259 0.01702361111111106 0.01940740740740754
1 0.7967236111111111 0.5555537037037036 0.01696388888888878 0.019203703703703685
1 0.5770180555555555 0.6189555555555556 0.01680416666666673 0.019738888888888823
1 0.49754305555555556 0.6457796296296296 0.015965277777777676 0.019840740740740753
1 0.5244902777777778 0.5786111111111111 0.01659166666666656 0.01966111111111113
1 0.43732638888888886 0.6244111111111111 0.013483333333333292 0.022196296296296342
1 0.4579375 0.5661055555555555 0.017502777777777756 0.018885185185185154
1 0.20396527777777776 0.6911092592592593 0.01391527777777779 0.022562962962963045
1 0.1819388888888889 0.5926944444444445 0.01678750000000001 0.020205555555555588
1 0.3682708333333334 0.5148666666666667 0.01615416666666669 0.019561111111111067
1 0.6056666666666667 0.4989962962962963 0.014913888888888893 0.021642592592592564
1 0.36635416666666665 0.15033703703703705 0.016323611111111136 0.019683333333333348
1 0.179025 0.15033703703703705 0.01696249999999999 0.019683333333333348
1 0.31882916666666666 0.04428703703703704 0.014972222222222276 0.02307777777777777
1 0.1983763888888889 0.04541666666666667 0.015506944444444448 0.02202962962962964
1 0.26877361111111114 0.0781074074074074 0.015504166666666652 0.02197222222222221
1 0.3710847222222222 0.09395185185185184 0.014879166666666666 0.023251851851851857
0 0.2923847222222222 0.0917 0.007861111111111097 0.011427777777777778
0 0.3333527777777778 0.07344074074074074 0.008736111111111167 0.010933333333333331
0 0.3279263888888889 0.09533148148148148 0.008313888888888843 0.011105555555555554
0 0.34830833333333333 0.09305555555555556 0.008308333333333362 0.011609259259259264
0 0.3363902777777778 0.15172407407407407 0.009597222222222257 0.012016666666666675
0 0.2769111111111111 0.14320555555555556 0.008674999999999988 0.011414814814814803
0 0.21730694444444443 0.1306537037037037 0.008450000000000013 0.012225925925925937
0 0.21154583333333335 0.35901481481481484 0.009959722222222245 0.012172222222222176
0 0.33442777777777777 0.3571 0.011022222222222267 0.013787037037037061
0 0.27544722222222223 0.3728611111111111 0.010643055555555558 0.013835185185185228
0 0.21672361111111113 0.5993555555555555 0.009872222222222227 0.012831481481481463
0 0.27544722222222223 0.599524074074074 0.009280555555555514 0.014985185185185212
0 0.33589722222222224 0.5562777777777778 0.01168888888888886 0.012025925925925959
0 0.31850555555555554 0.6511907407407407 0.008684722222222274 0.012992592592592592
0 0.2509777777777778 0.677574074074074 0.009827777777777769 0.011277777777777645
0 0.35616805555555553 0.7188314814814815 0.00955555555555554 0.012679629629629652
0 0.4895625 0.5929148148148148 0.008036111111111133 0.010848148148148162
0 0.48586805555555557 0.6177185185185184 0.008365277777777735 0.010816666666666622
0 0.7502291666666666 0.565062962962963 0.006370833333333437 0.009016666666666673
0 0.6380416666666666 0.6926277777777777 0.0067194444444445 0.009303703703703666
0 0.5048166666666667 0.719325925925926 0.008580555555555591 0.011853703703703644
0 0.4982222222222222 0.6780018518518518 0.007650000000000046 0.011529629629629667
0 0.5399347222222223 0.5649277777777778 0.006633333333333269 0.009955555555555495
0 0.44861666666666666 0.8126611111111112 0.00922361111111114 0.010875925925925975
0 0.41849583333333334 0.7952611111111111 0.008456944444444447 0.012998148148148184
0 0.4099888888888889 0.8243351851851851 0.008240277777777805 0.009405555555555445
0 0.40975277777777774 0.8417425925925927 0.009127777777777735 0.010320370370370332