1 0.7335960784313725 0.11177246022937476 0.019803921568627425 0.08404755604883464
1 0.32571372549019606 0.38066281317055123 0.021780392156862782 0.08676306918238999
0 0.8965686274509803 0.20342708990011096 0.0202431372549019 0.04050236330003698
0 0.873521568627451 0.3276981842397336 0.0232470588235294 0.029967627081021093
0 0.6169529411764706 0.26512015390307064 0.017890196078431453 0.026294410654827946
0 0.2584235294117647 0.7835831357750647 0.014364705882352946 0.15552374102848673
0 0.10093333333333333 0.8518285874953755 0.016415686274509816 0.06270532001479845
0 0.5197647058823529 0.8854027554568997 0.025741176470588156 0.02611862967073631
0 0.35918431372549015 0.9214378571957085 0.01631372549019605 0.03812022789493158
2 0.8000078431372548 0.684333555308916 0.14909411764705882 0.05803197040325564
2 0.573321568627451 0.9325484276729559 0.15316862745098025 0.056262037735849035